0.000000000000000000e+00 0.000000000000000000e+00
1.000000000000000021e-02 5.639278287505125408e-07
2.000000000000000042e-02 2.318908352427321936e-06
2.999999999999999889e-02 5.359737127168333620e-06
4.000000000000000083e-02 9.781209709111458536e-06
5.000000000000000278e-02 1.567812165439460117e-05
5.999999999999999778e-02 2.314526851915566091e-05
7.000000000000000666e-02 3.227744585953256512e-05
8.000000000000000167e-02 4.316944923166320049e-05
8.999999999999999667e-02 5.591607419168548082e-05
1.000000000000000056e-01 7.061211629573731653e-05
1.100000000000000006e-01 8.731472421830568465e-05
1.199999999999999956e-01 1.059304591072739643e-04
1.300000000000000044e-01 1.263282352288745334e-04
1.400000000000000133e-01 1.483769668493399054e-04
1.499999999999999944e-01 1.719455682349023634e-04
1.600000000000000033e-01 1.969029536517945158e-04
1.700000000000000122e-01 2.231180373662486999e-04
1.799999999999999933e-01 2.504597336444972801e-04
1.900000000000000022e-01 2.787969567527728105e-04
2.000000000000000111e-01 3.079986209573077368e-04
2.099999999999999922e-01 3.379336405243343151e-04
2.200000000000000011e-01 3.684709297200850181e-04
2.300000000000000100e-01 3.994794028107925355e-04
2.399999999999999911e-01 4.308279740626888522e-04
2.500000000000000000e-01 4.623855577420068748e-04
2.600000000000000089e-01 4.940210681149786965e-04
2.700000000000000178e-01 5.256034194478368445e-04
2.800000000000000266e-01 5.570015260068137374e-04
2.899999999999999800e-01 5.880843020581417394e-04
2.999999999999999889e-01 6.187206618680535404e-04
3.099999999999999978e-01 6.487951220772287218e-04
3.200000000000000067e-01 6.782546088241367096e-04
3.300000000000000155e-01 7.070616506216940381e-04
3.400000000000000244e-01 7.351787759828173506e-04
3.500000000000000333e-01 7.625685134204232898e-04
3.599999999999999867e-01 7.891933914474284989e-04
3.699999999999999956e-01 8.150159385767500545e-04
3.800000000000000044e-01 8.399986833213038406e-04
3.900000000000000133e-01 8.641041541940074761e-04
4.000000000000000222e-01 8.872948797077766280e-04
4.100000000000000311e-01 9.095333883755289152e-04
4.199999999999999845e-01 9.307822087101796796e-04
4.299999999999999933e-01 9.510038692246468653e-04
4.400000000000000022e-01 9.701608984318470068e-04
4.500000000000000111e-01 9.882158248446962050e-04
4.600000000000000200e-01 1.005131176976111103e-03
4.700000000000000289e-01 1.020869483339009211e-03
4.799999999999999822e-01 1.035393272446305871e-03
4.899999999999999911e-01 1.048665072810918810e-03
5.000000000000000000e-01 1.060647412945764020e-03
5.100000000000000089e-01 1.071318521160861351e-03
5.200000000000000178e-01 1.080719424954637835e-03
5.300000000000000266e-01 1.088906851622623495e-03
5.400000000000000355e-01 1.095937528460349218e-03
5.500000000000000444e-01 1.101868182763344377e-03
5.600000000000000533e-01 1.106755541827139644e-03
5.700000000000000622e-01 1.110656332947265040e-03
5.799999999999999600e-01 1.113627283419250154e-03
5.899999999999999689e-01 1.115725120538626309e-03
5.999999999999999778e-01 1.117006571600922225e-03
6.099999999999999867e-01 1.117528363901669009e-03
6.199999999999999956e-01 1.117347224736396465e-03
6.300000000000000044e-01 1.116519881400634615e-03
6.400000000000000133e-01 1.115103061189913914e-03
6.500000000000000222e-01 1.113153491399764168e-03
6.600000000000000311e-01 1.110727899325715832e-03
6.700000000000000400e-01 1.107883012263299145e-03
6.800000000000000488e-01 1.104675557508043478e-03
6.900000000000000577e-01 1.101162262355479503e-03
7.000000000000000666e-01 1.097399854101137676e-03
7.099999999999999645e-01 1.093432368612423005e-03
7.199999999999999734e-01 1.089253076044245433e-03
7.299999999999999822e-01 1.084842555123389238e-03
7.399999999999999911e-01 1.080181384576638917e-03
7.500000000000000000e-01 1.075250143130779181e-03
7.600000000000000089e-01 1.070029409512595394e-03
7.700000000000000178e-01 1.064499762448872051e-03
7.800000000000000266e-01 1.058641780666393648e-03
7.900000000000000355e-01 1.052436042891945331e-03
8.000000000000000444e-01 1.045863127852310944e-03
8.100000000000000533e-01 1.038903614274276285e-03
8.200000000000000622e-01 1.031538080884625633e-03
8.300000000000000711e-01 1.023747106410143916e-03
8.399999999999999689e-01 1.015511269577615413e-03
8.499999999999999778e-01 1.006811149113825271e-03
8.599999999999999867e-01 9.976273237455582019e-04
8.699999999999999956e-01 9.879403721995989179e-04
8.800000000000000044e-01 9.777308732027319149e-04
8.900000000000000133e-01 9.669794054817422305e-04
9.000000000000000222e-01 9.556665477634144687e-04
9.100000000000000311e-01 9.437773602383032990e-04
9.200000000000000400e-01 9.313148289520425688e-04
9.300000000000000488e-01 9.182864214140367331e-04
9.400000000000000577e-01 9.046996051336889458e-04
9.500000000000000666e-01 8.905618476204037702e-04
9.599999999999999645e-01 8.758806163835849024e-04
9.699999999999999734e-01 8.606633789326362553e-04
9.799999999999999822e-01 8.449176027769618501e-04
9.899999999999999911e-01 8.286507554259650576e-04
1.000000000000000000e+00 8.118703043890504413e-04
1.010000000000000009e+00 7.945837171756219139e-04
1.020000000000000018e+00 7.767984612950829546e-04
1.030000000000000027e+00 7.585220042568376932e-04
1.040000000000000036e+00 7.397618135702902593e-04
1.050000000000000044e+00 7.205253567448442406e-04
1.060000000000000053e+00 7.008201012899038752e-04
1.070000000000000062e+00 6.806535147148726423e-04
1.080000000000000071e+00 6.600330645291551052e-04
1.090000000000000080e+00 6.389662182421546347e-04
1.100000000000000089e+00 6.174604433632753606e-04
1.110000000000000098e+00 5.955337931159924558e-04
1.120000000000000107e+00 5.732466635800662416e-04
1.130000000000000115e+00 5.506700365493280829e-04
1.140000000000000124e+00 5.278748938176097780e-04
1.150000000000000133e+00 5.049322171787425833e-04
1.159999999999999920e+00 4.819129884265587306e-04
1.169999999999999929e+00 4.588881893548887717e-04
1.179999999999999938e+00 4.359288017575647218e-04
1.189999999999999947e+00 4.131058074284181081e-04
1.199999999999999956e+00 3.904901881612804580e-04
1.209999999999999964e+00 3.681529257499833530e-04
1.219999999999999973e+00 3.461650019883584289e-04
1.229999999999999982e+00 3.245973986702369420e-04
1.239999999999999991e+00 3.035210975894507448e-04
1.250000000000000000e+00 2.830070805398312021e-04
1.260000000000000009e+00 2.631263293152099497e-04
1.270000000000000018e+00 2.439498257094184605e-04
1.280000000000000027e+00 2.255485515162883434e-04
1.290000000000000036e+00 2.079934885296510984e-04
1.300000000000000044e+00 1.913556185433382530e-04
1.310000000000000053e+00 1.756884723726526740e-04
1.320000000000000062e+00 1.609757769187818003e-04
1.330000000000000071e+00 1.471838081043846003e-04
1.340000000000000080e+00 1.342788418521197982e-04
1.350000000000000089e+00 1.222271540846462539e-04
1.360000000000000098e+00 1.109950207246228001e-04
1.370000000000000107e+00 1.005487176947082289e-04
1.380000000000000115e+00 9.085452091756134583e-05
1.390000000000000124e+00 8.187870631584099723e-05
1.400000000000000133e+00 7.358754981220598870e-05
1.409999999999999920e+00 6.594732732931530205e-05
1.419999999999999929e+00 5.892431478982743120e-05
1.429999999999999938e+00 5.248478811640135795e-05
1.439999999999999947e+00 4.659502323169589468e-05
1.449999999999999956e+00 4.122129605836987414e-05
1.459999999999999964e+00 3.632988251908212226e-05
1.469999999999999973e+00 3.188705853649142434e-05
1.479999999999999982e+00 2.785910003325663681e-05
1.489999999999999991e+00 2.421228293203656193e-05
1.500000000000000000e+00 2.091288315549001545e-05
1.510000000000000009e+00 1.793018319543825316e-05
1.520000000000000018e+00 1.524549182035221446e-05
1.530000000000000027e+00 1.284312436786529910e-05
1.540000000000000036e+00 1.070739617561087800e-05
1.550000000000000044e+00 8.822622581222340740e-06
1.560000000000000053e+00 7.173118922333064167e-06
1.570000000000000062e+00 5.743200536576435311e-06
1.580000000000000071e+00 4.517182761585833573e-06
1.590000000000000080e+00 3.479380934994641744e-06
1.600000000000000089e+00 2.614110394436243461e-06
1.610000000000000098e+00 1.905686477544020031e-06
1.620000000000000107e+00 1.338424521951354245e-06
1.630000000000000115e+00 8.966398652916288916e-07
1.640000000000000124e+00 5.646478451982261262e-07
1.650000000000000133e+00 3.267637993045282621e-07
1.660000000000000142e+00 1.673030652439178777e-07
1.669999999999999929e+00 7.058098064977904663e-08
1.679999999999999938e+00 2.091288315549008544e-08
1.689999999999999947e+00 2.614110394436260680e-09
1.699999999999999956e+00 0.000000000000000000e+00
1.709999999999999964e+00 7.838747334158216148e-11
1.719999999999999973e+00 6.270997867326572919e-10
1.729999999999999982e+00 2.116461780222718399e-09
1.739999999999999991e+00 5.016798293861258335e-09
1.750000000000000000e+00 9.798434167697770457e-09
1.760000000000000009e+00 1.693169424178174719e-08
1.770000000000000018e+00 2.688690335616268014e-08
1.780000000000000027e+00 4.013438635089006668e-08
1.790000000000000036e+00 5.714446806601338932e-08
1.800000000000000044e+00 7.838747334158216366e-08
1.810000000000000053e+00 1.043337270176458689e-07
1.820000000000000062e+00 1.354535539342539775e-07
1.830000000000000071e+00 1.722172789314560218e-07
1.840000000000000080e+00 2.150952268493014411e-07
1.850000000000000089e+00 2.645577225278398338e-07
1.860000000000000098e+00 3.210750908071205334e-07
1.870000000000000107e+00 3.851176565271932178e-07
1.880000000000000115e+00 4.571557445281071146e-07
1.890000000000000124e+00 5.376596796499120868e-07
1.900000000000000133e+00 6.270997867326573092e-07
1.910000000000000142e+00 7.292894335905220908e-07
1.919999999999999929e+00 8.614141599341994480e-07
1.929999999999999938e+00 1.044002548448520896e-06
1.939999999999999947e+00 1.297583181818308949e-06
1.949999999999999956e+00 1.642684642728390465e-06
1.959999999999999964e+00 2.099835513863590076e-06
1.969999999999999973e+00 2.689564377908734533e-06
1.979999999999999982e+00 3.432399817548648679e-06
1.989999999999999991e+00 4.348870415468159266e-06
2.000000000000000000e+00 5.459504754352090504e-06
2.010000000000000231e+00 6.784831416885302176e-06
2.020000000000000018e+00 8.345378985752523624e-06
2.030000000000000249e+00 1.016167604363871797e-05
2.040000000000000036e+00 1.225425117322854934e-05
2.049999999999999822e+00 1.464363295720691817e-05
2.060000000000000053e+00 1.735034997825877741e-05
2.069999999999999840e+00 2.039493081906871243e-05
2.080000000000000071e+00 2.379790406232182016e-05
2.089999999999999858e+00 2.757979829070261312e-05
2.100000000000000089e+00 3.176114208689626787e-05
2.109999999999999876e+00 3.634969880691663659e-05
2.120000000000000107e+00 4.130217090009602113e-05
2.129999999999999893e+00 4.656249558909524646e-05
2.140000000000000124e+00 5.207461009657609978e-05
2.149999999999999911e+00 5.778245164519935187e-05
2.160000000000000142e+00 6.362995745762682382e-05
2.169999999999999929e+00 6.956106475651928638e-05
2.180000000000000160e+00 7.551971076453855387e-05
2.189999999999999947e+00 8.144983270434536318e-05
2.200000000000000178e+00 8.729536779860157605e-05
2.209999999999999964e+00 9.300025326996792937e-05
2.220000000000000195e+00 9.850842634110621712e-05
2.229999999999999982e+00 1.037638242346772711e-04
2.240000000000000213e+00 1.087103841733428309e-04
2.250000000000000000e+00 1.132920433797637692e-04
2.260000000000000231e+00 1.174527390766017443e-04
2.270000000000000018e+00 1.211364084865176964e-04
2.280000000000000249e+00 1.242869888321732432e-04
2.290000000000000036e+00 1.268484173362293657e-04
2.300000000000000266e+00 1.287646312213476681e-04
2.310000000000000053e+00 1.299956304376633821e-04
2.319999999999999840e+00 1.305656658452091770e-04
2.330000000000000071e+00 1.305150510314916068e-04
2.339999999999999858e+00 1.298840995840174969e-04
2.350000000000000089e+00 1.287131250902932931e-04
2.359999999999999876e+00 1.270424411378259018e-04
2.370000000000000107e+00 1.249123613141218231e-04
2.379999999999999893e+00 1.223631992066878552e-04
2.390000000000000124e+00 1.194352684030306063e-04
2.399999999999999911e+00 1.161688824906568612e-04
2.410000000000000142e+00 1.126043550570730926e-04
2.419999999999999929e+00 1.087819996897862614e-04
2.430000000000000160e+00 1.047421299763027456e-04
2.439999999999999947e+00 1.005250595041295330e-04
2.450000000000000178e+00 9.617110186077297454e-05
2.459999999999999964e+00 9.172057063374011233e-05
2.470000000000000195e+00 8.721377941053721594e-05
2.479999999999999982e+00 8.269104177867139522e-05
2.490000000000000213e+00 7.819267132564889267e-05
2.500000000000000000e+00 7.375898163897684522e-05
2.510000000000000231e+00 6.942408324192090230e-05
2.520000000000000018e+00 6.519727440078528966e-05
2.530000000000000249e+00 6.108165031763279976e-05
2.540000000000000036e+00 5.708030619452704495e-05
2.550000000000000266e+00 5.319633723353089900e-05
2.560000000000000053e+00 4.943283863670793361e-05
2.569999999999999840e+00 4.579290560612116483e-05
2.580000000000000071e+00 4.227963334383367649e-05
2.589999999999999858e+00 3.889611705190899963e-05
2.600000000000000089e+00 3.564545193241004867e-05
2.609999999999999876e+00 3.253073318740034111e-05
2.620000000000000107e+00 2.955505601894280491e-05
2.629999999999999893e+00 2.672151562910093724e-05
2.640000000000000124e+00 2.403320721993769656e-05
2.649999999999999911e+00 2.149322599351654616e-05
2.660000000000000142e+00 1.910466715190048176e-05
2.669999999999999929e+00 1.687062589715294293e-05
2.680000000000000160e+00 1.479419743133693558e-05
2.689999999999999947e+00 1.287847695651586707e-05
2.700000000000000178e+00 1.112655967475279413e-05
2.709999999999999964e+00 9.539634101141204666e-06
2.720000000000000195e+00 8.111262002894779953e-06
2.729999999999999982e+00 6.833098460257577406e-06
2.740000000000000213e+00 5.696798553473419813e-06
2.750000000000000000e+00 4.694017362786344261e-06
2.760000000000000231e+00 3.816409968440197255e-06
2.770000000000000018e+00 3.055631450678990469e-06
2.780000000000000249e+00 2.403336889746592432e-06
2.790000000000000036e+00 1.851181365886997032e-06
2.800000000000000266e+00 1.390819959344089737e-06
2.810000000000000053e+00 1.013907750361847494e-06
2.819999999999999840e+00 7.120998191841834059e-07
2.830000000000000071e+00 4.770512460550246568e-07
2.839999999999999858e+00 3.004171112183274422e-07
2.850000000000000089e+00 1.738524949180112171e-07
2.859999999999999876e+00 8.901247739802292574e-08
2.870000000000000107e+00 3.755213890229008986e-08
2.879999999999999893e+00 1.112655967475286572e-08
2.890000000000000124e+00 1.390819959344015777e-09
2.899999999999999911e+00 0.000000000000000000e+00
2.910000000000000142e+00 0.000000000000000000e+00
2.919999999999999929e+00 0.000000000000000000e+00
2.930000000000000160e+00 0.000000000000000000e+00
2.939999999999999947e+00 0.000000000000000000e+00
2.950000000000000178e+00 0.000000000000000000e+00
2.959999999999999964e+00 0.000000000000000000e+00
2.970000000000000195e+00 0.000000000000000000e+00
2.979999999999999982e+00 0.000000000000000000e+00
2.990000000000000213e+00 0.000000000000000000e+00
3.000000000000000000e+00 0.000000000000000000e+00
3.010000000000000231e+00 0.000000000000000000e+00
3.020000000000000018e+00 0.000000000000000000e+00
3.030000000000000249e+00 0.000000000000000000e+00
3.040000000000000036e+00 0.000000000000000000e+00
3.050000000000000266e+00 0.000000000000000000e+00
3.060000000000000053e+00 0.000000000000000000e+00
3.070000000000000284e+00 0.000000000000000000e+00
3.080000000000000071e+00 0.000000000000000000e+00
3.089999999999999858e+00 0.000000000000000000e+00
3.100000000000000089e+00 0.000000000000000000e+00
3.109999999999999876e+00 0.000000000000000000e+00
3.120000000000000107e+00 0.000000000000000000e+00
3.129999999999999893e+00 0.000000000000000000e+00
3.140000000000000124e+00 0.000000000000000000e+00
3.149999999999999911e+00 0.000000000000000000e+00
3.160000000000000142e+00 0.000000000000000000e+00
3.169999999999999929e+00 0.000000000000000000e+00
3.180000000000000160e+00 0.000000000000000000e+00
3.189999999999999947e+00 0.000000000000000000e+00
3.200000000000000178e+00 0.000000000000000000e+00
3.209999999999999964e+00 0.000000000000000000e+00
3.220000000000000195e+00 0.000000000000000000e+00
3.229999999999999982e+00 0.000000000000000000e+00
3.240000000000000213e+00 0.000000000000000000e+00
3.250000000000000000e+00 0.000000000000000000e+00
3.260000000000000231e+00 0.000000000000000000e+00
3.270000000000000018e+00 0.000000000000000000e+00
3.280000000000000249e+00 0.000000000000000000e+00
3.290000000000000036e+00 0.000000000000000000e+00
3.300000000000000266e+00 0.000000000000000000e+00
3.310000000000000053e+00 0.000000000000000000e+00
3.320000000000000284e+00 0.000000000000000000e+00
3.330000000000000071e+00 0.000000000000000000e+00
3.339999999999999858e+00 0.000000000000000000e+00
3.350000000000000089e+00 0.000000000000000000e+00
3.359999999999999876e+00 0.000000000000000000e+00
3.370000000000000107e+00 0.000000000000000000e+00
3.379999999999999893e+00 0.000000000000000000e+00
3.390000000000000124e+00 0.000000000000000000e+00
3.399999999999999911e+00 0.000000000000000000e+00
3.410000000000000142e+00 0.000000000000000000e+00
3.419999999999999929e+00 0.000000000000000000e+00
3.430000000000000160e+00 0.000000000000000000e+00
3.439999999999999947e+00 0.000000000000000000e+00
3.450000000000000178e+00 0.000000000000000000e+00
3.459999999999999964e+00 0.000000000000000000e+00
3.470000000000000195e+00 0.000000000000000000e+00
3.479999999999999982e+00 0.000000000000000000e+00
3.490000000000000213e+00 0.000000000000000000e+00
3.500000000000000000e+00 0.000000000000000000e+00
3.510000000000000231e+00 0.000000000000000000e+00
3.520000000000000018e+00 0.000000000000000000e+00
3.530000000000000249e+00 0.000000000000000000e+00
3.540000000000000036e+00 0.000000000000000000e+00
3.550000000000000266e+00 0.000000000000000000e+00
3.560000000000000053e+00 0.000000000000000000e+00
3.570000000000000284e+00 0.000000000000000000e+00
3.580000000000000071e+00 0.000000000000000000e+00
3.589999999999999858e+00 0.000000000000000000e+00
3.600000000000000089e+00 0.000000000000000000e+00
3.609999999999999876e+00 0.000000000000000000e+00
3.620000000000000107e+00 0.000000000000000000e+00
3.629999999999999893e+00 0.000000000000000000e+00
3.640000000000000124e+00 0.000000000000000000e+00
3.649999999999999911e+00 0.000000000000000000e+00
3.660000000000000142e+00 0.000000000000000000e+00
3.669999999999999929e+00 0.000000000000000000e+00
3.680000000000000160e+00 0.000000000000000000e+00
3.689999999999999947e+00 0.000000000000000000e+00
3.700000000000000178e+00 0.000000000000000000e+00
3.709999999999999964e+00 0.000000000000000000e+00
3.720000000000000195e+00 0.000000000000000000e+00
3.729999999999999982e+00 0.000000000000000000e+00
3.740000000000000213e+00 0.000000000000000000e+00
3.750000000000000000e+00 0.000000000000000000e+00
3.760000000000000231e+00 0.000000000000000000e+00
3.770000000000000018e+00 0.000000000000000000e+00
3.780000000000000249e+00 0.000000000000000000e+00
3.790000000000000036e+00 0.000000000000000000e+00
3.800000000000000266e+00 0.000000000000000000e+00
3.810000000000000053e+00 0.000000000000000000e+00
3.820000000000000284e+00 0.000000000000000000e+00
3.830000000000000071e+00 0.000000000000000000e+00
3.839999999999999858e+00 0.000000000000000000e+00
3.850000000000000089e+00 0.000000000000000000e+00
3.859999999999999876e+00 0.000000000000000000e+00
3.870000000000000107e+00 0.000000000000000000e+00
3.879999999999999893e+00 0.000000000000000000e+00
3.890000000000000124e+00 0.000000000000000000e+00
3.899999999999999911e+00 0.000000000000000000e+00
3.910000000000000142e+00 0.000000000000000000e+00
3.919999999999999929e+00 0.000000000000000000e+00
3.930000000000000160e+00 0.000000000000000000e+00
3.939999999999999947e+00 0.000000000000000000e+00
3.950000000000000178e+00 0.000000000000000000e+00
3.959999999999999964e+00 0.000000000000000000e+00
3.970000000000000195e+00 0.000000000000000000e+00
3.979999999999999982e+00 0.000000000000000000e+00
3.990000000000000213e+00 0.000000000000000000e+00
4.000000000000000000e+00 0.000000000000000000e+00
