0.000000000000000000e+00 0.000000000000000000e+00
1.000000000000000021e-02 2.743920821900035712e-08
2.000000000000000042e-02 2.195136657520028570e-07
2.999999999999999889e-02 7.408586219130094074e-07
4.000000000000000083e-02 1.756109326016022856e-06
5.000000000000000278e-02 3.429901027375044584e-06
5.999999999999999778e-02 5.926868975304075259e-06
7.000000000000000666e-02 9.411648419117122854e-06
8.000000000000000167e-02 1.404887460812818285e-05
8.999999999999999667e-02 2.000318279165125580e-05
1.000000000000000056e-01 2.743920821900034990e-05
1.100000000000000006e-01 3.646619233119126276e-05
1.199999999999999956e-01 4.697180133604699208e-05
1.300000000000000044e-01 5.878830763309232671e-05
1.400000000000000133e-01 7.174798362185207579e-05
1.499999999999999944e-01 8.568310170185098750e-05
1.600000000000000033e-01 1.004259342726139455e-04
1.700000000000000122e-01 1.158087537336656642e-04
1.799999999999999933e-01 1.316638324845309255e-04
1.900000000000000022e-01 1.478234429247345929e-04
2.000000000000000111e-01 1.641198574538014620e-04
2.099999999999999922e-01 1.803853484712562741e-04
2.200000000000000011e-01 1.964521883766237977e-04
2.300000000000000100e-01 2.121526495694289641e-04
2.399999999999999911e-01 2.273190044491963518e-04
2.500000000000000000e-01 2.417835254154510006e-04
2.600000000000000089e-01 2.553784848677175434e-04
2.700000000000000178e-01 2.679361552055207216e-04
2.800000000000000266e-01 2.792888088283855476e-04
2.899999999999999800e-01 2.892687181358365189e-04
2.999999999999999889e-01 2.977081555273988376e-04
3.099999999999999978e-01 3.044823406996196289e-04
3.200000000000000067e-01 3.096382825371374499e-04
3.300000000000000155e-01 3.132659372216136480e-04
3.400000000000000244e-01 3.154552609347091910e-04
3.500000000000000333e-01 3.162962098580852097e-04
3.599999999999999867e-01 3.158787401734029971e-04
3.699999999999999956e-01 3.142928080623236297e-04
3.800000000000000044e-01 3.116283697065081295e-04
3.900000000000000133e-01 3.079753812876180065e-04
4.000000000000000222e-01 3.034237989873141204e-04
4.100000000000000311e-01 2.980635789872577643e-04
4.199999999999999845e-01 2.919846774691100145e-04
4.299999999999999933e-01 2.852770506145320016e-04
4.400000000000000022e-01 2.780306546051850730e-04
4.500000000000000111e-01 2.703354456227303050e-04
4.600000000000000200e-01 2.622813798488287198e-04
4.700000000000000289e-01 2.539584134651417190e-04
4.799999999999999822e-01 2.454565026533302705e-04
4.899999999999999911e-01 2.368656035950555050e-04
5.000000000000000000e-01 2.282756724719787154e-04
5.100000000000000089e-01 2.197724628174700537e-04
5.200000000000000178e-01 2.114249175717359457e-04
5.300000000000000266e-01 2.032977770266917842e-04
5.400000000000000355e-01 1.954557814742529894e-04
5.500000000000000444e-01 1.879636712063350353e-04
5.600000000000000533e-01 1.808861865148533421e-04
5.700000000000000622e-01 1.742880676917233566e-04
5.799999999999999600e-01 1.682340550288605532e-04
5.899999999999999689e-01 1.627888888181803248e-04
5.999999999999999778e-01 1.580173093515979828e-04
6.099999999999999867e-01 1.539840569210291913e-04
6.199999999999999956e-01 1.507538718183892075e-04
6.300000000000000044e-01 1.483914943355935329e-04
6.400000000000000133e-01 1.469616647645576686e-04
6.500000000000000222e-01 1.465291233971969533e-04
6.600000000000000311e-01 1.471586105254269155e-04
6.700000000000000400e-01 1.489148664411628939e-04
6.800000000000000488e-01 1.518626314363203625e-04
6.900000000000000577e-01 1.560666458028148228e-04
7.000000000000000666e-01 1.615916498325616134e-04
7.099999999999999645e-01 1.684870437477870649e-04
7.199999999999999734e-01 1.767408674919613946e-04
7.299999999999999822e-01 1.863258209388656765e-04
7.399999999999999911e-01 1.972146039622808486e-04
7.500000000000000000e-01 2.093799164359879577e-04
7.600000000000000089e-01 2.227944582337681859e-04
7.700000000000000178e-01 2.374309292294024174e-04
7.800000000000000266e-01 2.532620292966717259e-04
7.900000000000000355e-01 2.702604583093571851e-04
8.000000000000000444e-01 2.883989161412398418e-04
8.100000000000000533e-01 3.076501026661007426e-04
8.200000000000000622e-01 3.279867177577208801e-04
8.300000000000000711e-01 3.493814612898813550e-04
8.399999999999999689e-01 3.718070331363629430e-04
8.499999999999999778e-01 3.952361331709471244e-04
8.599999999999999867e-01 4.196414612674147834e-04
8.699999999999999956e-01 4.449957172995469123e-04
8.800000000000000044e-01 4.712716011411246120e-04
8.900000000000000133e-01 4.984418126659287667e-04
9.000000000000000222e-01 5.264790517477406940e-04
9.100000000000000311e-01 5.553476732454708546e-04
9.200000000000000400e-01 5.849786519585485579e-04
9.300000000000000488e-01 6.152946176715329068e-04
9.400000000000000577e-01 6.462182001689826790e-04
9.500000000000000666e-01 6.776720292354570857e-04
9.599999999999999645e-01 7.095787346555145793e-04
9.699999999999999734e-01 7.418609462137151301e-04
9.799999999999999822e-01 7.744412936946169735e-04
9.899999999999999911e-01 8.072424068827791042e-04
1.000000000000000000e+00 8.401869155627605164e-04
1.010000000000000009e+00 8.731974495191206385e-04
1.020000000000000018e+00 9.061966385364177059e-04
1.030000000000000027e+00 9.391071123992109299e-04
1.040000000000000036e+00 9.718515008920597387e-04
1.050000000000000044e+00 1.004352433799522585e-03
1.060000000000000053e+00 1.036532540906158571e-03
1.070000000000000062e+00 1.068314451996526908e-03
1.080000000000000071e+00 1.099620796855186157e-03
1.090000000000000080e+00 1.130374205266695530e-03
1.100000000000000089e+00 1.160497307015613804e-03
1.110000000000000098e+00 1.189914823001438299e-03
1.120000000000000107e+00 1.218559838583416167e-03
1.130000000000000115e+00 1.246367530235733103e-03
1.140000000000000124e+00 1.273273074432574366e-03
1.150000000000000133e+00 1.299211647648125653e-03
1.159999999999999920e+00 1.324118426356572006e-03
1.169999999999999929e+00 1.347928587032099987e-03
1.179999999999999938e+00 1.370577306148895074e-03
1.189999999999999947e+00 1.391999760181142094e-03
1.199999999999999956e+00 1.412131125603026524e-03
1.209999999999999964e+00 1.430906578888734276e-03
1.219999999999999973e+00 1.448261296512451043e-03
1.229999999999999982e+00 1.464130454948361221e-03
1.239999999999999991e+00 1.478449230670651586e-03
1.250000000000000000e+00 1.491152800153507183e-03
1.260000000000000009e+00 1.502176339871113707e-03
1.270000000000000018e+00 1.511455026297656200e-03
1.280000000000000027e+00 1.518924035907320792e-03
1.290000000000000036e+00 1.524518545174292309e-03
1.300000000000000044e+00 1.528173730572756663e-03
1.310000000000000053e+00 1.529847302407190629e-03
1.320000000000000062e+00 1.529587106303231846e-03
1.330000000000000071e+00 1.527463521716810983e-03
1.340000000000000080e+00 1.523546928103857627e-03
1.350000000000000089e+00 1.517907704920300714e-03
1.360000000000000098e+00 1.510616231622070480e-03
1.370000000000000107e+00 1.501742887665096947e-03
1.380000000000000115e+00 1.491358052505308831e-03
1.390000000000000124e+00 1.479532105598636155e-03
1.400000000000000133e+00 1.466335426401008937e-03
1.409999999999999920e+00 1.451838394368356764e-03
1.419999999999999929e+00 1.436111388956608790e-03
1.429999999999999938e+00 1.419224789621694599e-03
1.439999999999999947e+00 1.401248975819544430e-03
1.449999999999999956e+00 1.382254327006087217e-03
1.459999999999999964e+00 1.362311222637253849e-03
1.469999999999999973e+00 1.341490042168972394e-03
1.479999999999999982e+00 1.319861165057173522e-03
1.489999999999999991e+00 1.297494970757786820e-03
1.500000000000000000e+00 1.274461838726741441e-03
1.510000000000000009e+00 1.250832845899605469e-03
1.520000000000000018e+00 1.226681859130495994e-03
1.530000000000000027e+00 1.202083442753169905e-03
1.540000000000000036e+00 1.177112161101382358e-03
1.550000000000000044e+00 1.151842578508889157e-03
1.560000000000000053e+00 1.126349259309446542e-03
1.570000000000000062e+00 1.100706767836809883e-03
1.580000000000000071e+00 1.074989668424735636e-03
1.590000000000000080e+00 1.049272525406978740e-03
1.600000000000000089e+00 1.023629903117295650e-03
1.610000000000000098e+00 9.981363658894421703e-04
1.620000000000000107e+00 9.728664780571735652e-04
1.630000000000000115e+00 9.478948039542463982e-04
1.640000000000000124e+00 9.232959079144159326e-04
1.650000000000000133e+00 8.991443542714382987e-04
1.660000000000000142e+00 8.755147073590691933e-04
1.669999999999999929e+00 8.524815315110648552e-04
1.679999999999999938e+00 8.301193910611801138e-04
1.689999999999999947e+00 8.085028503431713164e-04
1.699999999999999956e+00 7.877064736907942680e-04
1.709999999999999964e+00 7.677868139836473149e-04
1.719999999999999973e+00 7.487283782846966898e-04
1.729999999999999982e+00 7.304976622027525759e-04
1.739999999999999991e+00 7.130611613466229879e-04
1.750000000000000000e+00 6.963853713251178922e-04
1.760000000000000009e+00 6.804367877470462794e-04
1.770000000000000018e+00 6.651819062212170315e-04
1.780000000000000027e+00 6.505872223564395729e-04
1.790000000000000036e+00 6.366192317615231109e-04
1.800000000000000044e+00 6.232444300452767445e-04
1.810000000000000053e+00 6.104293128165092473e-04
1.820000000000000062e+00 5.981403756840302606e-04
1.830000000000000071e+00 5.863441142566488832e-04
1.840000000000000080e+00 5.750070241431739972e-04
1.850000000000000089e+00 5.640956009524150270e-04
1.860000000000000098e+00 5.535763402931812883e-04
1.870000000000000107e+00 5.434157377742814465e-04
1.880000000000000115e+00 5.335802890045248173e-04
1.890000000000000124e+00 5.240364895927209334e-04
1.900000000000000133e+00 5.147508351476785685e-04
1.910000000000000142e+00 5.056956429568740643e-04
1.919999999999999929e+00 4.968665170224521909e-04
1.929999999999999938e+00 4.882648830252246360e-04
1.939999999999999947e+00 4.798921666460029246e-04
1.949999999999999956e+00 4.717497935655993405e-04
1.959999999999999964e+00 4.638391894648250294e-04
1.969999999999999973e+00 4.561617800244922210e-04
1.979999999999999982e+00 4.487189909254124401e-04
1.989999999999999991e+00 4.415122478483975372e-04
2.000000000000000000e+00 4.345429764742593081e-04
2.010000000000000231e+00 4.278126024838093322e-04
2.020000000000000018e+00 4.213225515578597306e-04
2.030000000000000249e+00 4.150742493772218117e-04
2.040000000000000036e+00 4.090691216227076966e-04
2.049999999999999822e+00 4.033085939751290187e-04
2.060000000000000053e+00 3.977940921152973031e-04
2.069999999999999840e+00 3.925270417240248337e-04
2.080000000000000071e+00 3.875088684821227560e-04
2.089999999999999858e+00 3.827409980704033540e-04
2.100000000000000089e+00 3.782248561696778815e-04
2.109999999999999876e+00 3.739554893068530988e-04
2.120000000000000107e+00 3.699024273932125873e-04
2.129999999999999893e+00 3.660288211861350009e-04
2.140000000000000124e+00 3.622978214429986143e-04
2.149999999999999911e+00 3.586725789211819186e-04
2.160000000000000142e+00 3.551162443780632970e-04
2.169999999999999929e+00 3.515919685710214033e-04
2.180000000000000160e+00 3.480629022574342952e-04
2.189999999999999947e+00 3.444921961946808978e-04
2.200000000000000178e+00 3.408430011401389977e-04
2.209999999999999964e+00 3.370784678511877367e-04
2.220000000000000195e+00 3.331617470852049016e-04
2.229999999999999982e+00 3.290559895995694172e-04
2.240000000000000213e+00 3.247243461516593414e-04
2.250000000000000000e+00 3.201299674988534907e-04
2.260000000000000231e+00 3.152360043985298686e-04
2.270000000000000018e+00 3.100056076080674001e-04
2.280000000000000249e+00 3.044019278848438719e-04
2.290000000000000036e+00 2.983881159862383716e-04
2.300000000000000266e+00 2.919273226696288484e-04
2.310000000000000053e+00 2.849957307435125936e-04
2.319999999999999840e+00 2.776216512208604711e-04
2.330000000000000071e+00 2.698464271657612774e-04
2.339999999999999858e+00 2.617114016423052725e-04
2.350000000000000089e+00 2.532579177145809278e-04
2.359999999999999876e+00 2.445273184466785574e-04
2.370000000000000107e+00 2.355609469026867411e-04
2.379999999999999893e+00 2.264001461466955492e-04
2.390000000000000124e+00 2.170862592427937239e-04
2.399999999999999911e+00 2.076606292550712543e-04
2.410000000000000142e+00 1.981645992476168284e-04
2.419999999999999929e+00 1.886395122845206792e-04
2.430000000000000160e+00 1.791267114298712780e-04
2.439999999999999947e+00 1.696675397477589119e-04
2.450000000000000178e+00 1.603033403022721334e-04
2.459999999999999964e+00 1.510754561575010943e-04
2.470000000000000195e+00 1.420252303775343741e-04
2.479999999999999982e+00 1.331940060264622059e-04
2.490000000000000213e+00 1.246231261683731421e-04
2.500000000000000000e+00 1.163539338673573887e-04
2.510000000000000231e+00 1.084200845735306285e-04
2.520000000000000018e+00 1.008244832811184345e-04
2.530000000000000249e+00 9.356234737037203298e-05
2.540000000000000036e+00 8.662889422154405948e-05
2.550000000000000266e+00 8.001934121488583505e-05
2.560000000000000053e+00 7.372890573064987336e-05
2.569999999999999840e+00 6.775280514908779358e-05
2.580000000000000071e+00 6.208625685045133689e-05
2.589999999999999858e+00 5.672447821499290851e-05
2.600000000000000089e+00 5.166268662296398534e-05
2.609999999999999876e+00 4.689609945461695227e-05
2.620000000000000107e+00 4.241993409020333364e-05
2.629999999999999893e+00 3.822940790997546691e-05
2.640000000000000124e+00 3.431973829418491029e-05
2.649999999999999911e+00 3.068614262308394703e-05
2.660000000000000142e+00 2.732383827692420989e-05
2.669999999999999929e+00 2.422804263595793807e-05
2.680000000000000160e+00 2.139397308043677786e-05
2.689999999999999947e+00 1.881684699061293462e-05
2.700000000000000178e+00 1.649188174673811900e-05
2.709999999999999964e+00 1.441680669531677678e-05
2.720000000000000195e+00 1.259939904786223428e-05
2.729999999999999982e+00 1.104994798214044279e-05
2.740000000000000213e+00 9.778742675917075772e-06
2.750000000000000000e+00 8.796072306958047272e-06
2.760000000000000231e+00 8.112226053029074807e-06
2.770000000000000018e+00 7.737493091896023280e-06
2.780000000000000249e+00 7.682162601324659339e-06
2.790000000000000036e+00 7.956523759080797066e-06
2.800000000000000266e+00 8.570865742930260708e-06
2.810000000000000053e+00 9.535477730638803359e-06
2.819999999999999840e+00 1.086064889997224249e-05
2.830000000000000071e+00 1.255666842869647011e-05
2.839999999999999858e+00 1.463382549457713428e-05
2.850000000000000089e+00 1.710240927538022527e-05
2.859999999999999876e+00 1.997270894887133016e-05
2.870000000000000107e+00 2.325501369281650696e-05
2.879999999999999893e+00 2.695961268498126484e-05
2.890000000000000124e+00 3.109679510313173974e-05
2.899999999999999911e+00 3.567685012503337306e-05
2.910000000000000142e+00 4.069668139191030744e-05
2.919999999999999929e+00 4.609965039881762817e-05
2.930000000000000160e+00 5.181573310426927084e-05
2.939999999999999947e+00 5.777490546677820207e-05
2.950000000000000178e+00 6.390714344485845912e-05
2.959999999999999964e+00 7.014242299702292728e-05
2.970000000000000195e+00 7.641072008178561670e-05
2.979999999999999982e+00 8.264201065765941945e-05
2.990000000000000213e+00 8.876627068315847443e-05
3.000000000000000000e+00 9.471347611679559241e-05
3.010000000000000231e+00 1.004136029170847903e-04
3.020000000000000018e+00 1.057966270425390686e-04
3.030000000000000249e+00 1.107925244516723358e-04
3.040000000000000036e+00 1.153312711029976195e-04
3.050000000000000266e+00 1.193428429550288282e-04
3.060000000000000053e+00 1.227572159662790167e-04
3.070000000000000284e+00 1.255043660952620392e-04
3.080000000000000071e+00 1.275142693004910723e-04
3.089999999999999858e+00 1.287169015404796858e-04
3.100000000000000089e+00 1.290422387737413681e-04
3.109999999999999876e+00 1.284438260586472156e-04
3.120000000000000107e+00 1.269694848529987841e-04
3.129999999999999893e+00 1.246906057144552373e-04
3.140000000000000124e+00 1.216785792006756578e-04
3.149999999999999911e+00 1.180047958693193719e-04
3.160000000000000142e+00 1.137406462780453403e-04
3.169999999999999929e+00 1.089575209845130248e-04
3.180000000000000160e+00 1.037268105463812505e-04
3.189999999999999947e+00 9.811990552130958772e-05
3.200000000000000178e+00 9.220819646695672597e-05
3.209999999999999964e+00 8.606307394098235760e-05
3.220000000000000195e+00 7.975592850104511785e-05
3.229999999999999982e+00 7.335815070480473975e-05
3.240000000000000213e+00 6.694113110991983145e-05
3.250000000000000000e+00 6.057626027405009207e-05
3.260000000000000231e+00 5.433492875485417044e-05
3.270000000000000018e+00 4.828852710999178600e-05
3.280000000000000249e+00 4.250844589712154015e-05
3.290000000000000036e+00 3.706607567390315233e-05
3.300000000000000266e+00 3.203280699799529170e-05
3.310000000000000053e+00 2.746412789990629631e-05
3.320000000000000284e+00 2.335191630153854835e-05
3.330000000000000071e+00 1.967214759764390582e-05
3.339999999999999858e+00 1.640079718297369815e-05
3.350000000000000089e+00 1.351384045227929037e-05
3.359999999999999876e+00 1.098725280031245576e-05
3.370000000000000107e+00 8.797009621824469549e-06
3.379999999999999893e+00 6.919086311567027954e-06
3.390000000000000124e+00 5.329458264291469729e-06
3.399999999999999911e+00 4.004100874749437720e-06
3.410000000000000142e+00 2.918989537692318544e-06
3.419999999999999929e+00 2.050099647871712269e-06
3.430000000000000160e+00 1.373406600039044052e-06
3.439999999999999947e+00 8.648857889458784942e-07
3.450000000000000178e+00 5.005126093436730447e-07
3.459999999999999964e+00 2.562624559839640336e-07
3.470000000000000195e+00 1.081107236182324163e-07
3.479999999999999982e+00 3.203280699799550420e-08
3.490000000000000213e+00 4.004100874749171673e-09
3.500000000000000000e+00 0.000000000000000000e+00
3.510000000000000231e+00 0.000000000000000000e+00
3.520000000000000018e+00 0.000000000000000000e+00
3.530000000000000249e+00 0.000000000000000000e+00
3.540000000000000036e+00 0.000000000000000000e+00
3.550000000000000266e+00 0.000000000000000000e+00
3.560000000000000053e+00 0.000000000000000000e+00
3.570000000000000284e+00 0.000000000000000000e+00
3.580000000000000071e+00 0.000000000000000000e+00
3.589999999999999858e+00 0.000000000000000000e+00
3.600000000000000089e+00 0.000000000000000000e+00
3.609999999999999876e+00 0.000000000000000000e+00
3.620000000000000107e+00 0.000000000000000000e+00
3.629999999999999893e+00 0.000000000000000000e+00
3.640000000000000124e+00 0.000000000000000000e+00
3.649999999999999911e+00 0.000000000000000000e+00
3.660000000000000142e+00 0.000000000000000000e+00
3.669999999999999929e+00 0.000000000000000000e+00
3.680000000000000160e+00 0.000000000000000000e+00
3.689999999999999947e+00 0.000000000000000000e+00
3.700000000000000178e+00 0.000000000000000000e+00
3.709999999999999964e+00 0.000000000000000000e+00
3.720000000000000195e+00 0.000000000000000000e+00
3.729999999999999982e+00 0.000000000000000000e+00
3.740000000000000213e+00 0.000000000000000000e+00
3.750000000000000000e+00 0.000000000000000000e+00
3.760000000000000231e+00 0.000000000000000000e+00
3.770000000000000018e+00 0.000000000000000000e+00
3.780000000000000249e+00 0.000000000000000000e+00
3.790000000000000036e+00 0.000000000000000000e+00
3.800000000000000266e+00 0.000000000000000000e+00
3.810000000000000053e+00 0.000000000000000000e+00
3.820000000000000284e+00 0.000000000000000000e+00
3.830000000000000071e+00 0.000000000000000000e+00
3.839999999999999858e+00 0.000000000000000000e+00
3.850000000000000089e+00 0.000000000000000000e+00
3.859999999999999876e+00 0.000000000000000000e+00
3.870000000000000107e+00 0.000000000000000000e+00
3.879999999999999893e+00 0.000000000000000000e+00
3.890000000000000124e+00 0.000000000000000000e+00
3.899999999999999911e+00 0.000000000000000000e+00
3.910000000000000142e+00 0.000000000000000000e+00
3.919999999999999929e+00 0.000000000000000000e+00
3.930000000000000160e+00 0.000000000000000000e+00
3.939999999999999947e+00 0.000000000000000000e+00
3.950000000000000178e+00 0.000000000000000000e+00
3.959999999999999964e+00 0.000000000000000000e+00
3.970000000000000195e+00 0.000000000000000000e+00
3.979999999999999982e+00 0.000000000000000000e+00
3.990000000000000213e+00 0.000000000000000000e+00
4.000000000000000000e+00 0.000000000000000000e+00
