0.000000000000000000e+00 0.000000000000000000e+00
1.000000000000000021e-02 2.805680247404407421e-08
2.000000000000000042e-02 2.244544197923525936e-07
2.999999999999999889e-02 7.575336667991897653e-07
4.000000000000000083e-02 1.795635358338820749e-06
5.000000000000000278e-02 3.507100309255508773e-06
5.999999999999999778e-02 6.060269334393518122e-06
7.000000000000000666e-02 9.623483248597118061e-06
8.000000000000000167e-02 1.436508286671056599e-05
8.999999999999999667e-02 2.045340900357812568e-05
1.000000000000000056e-01 2.805680247404406679e-05
1.100000000000000006e-01 3.728677518459919783e-05
1.199999999999999956e-01 4.802752340832048921e-05
1.300000000000000044e-01 6.010641450993148234e-05
1.400000000000000133e-01 7.335081585415569830e-05
1.499999999999999944e-01 8.758809480571661075e-05
1.600000000000000033e-01 1.026456187293378559e-04
1.700000000000000122e-01 1.183507549897428601e-04
1.799999999999999933e-01 1.345308709516551714e-04
1.900000000000000022e-01 1.510133339797983516e-04
2.000000000000000111e-01 1.676255114388958676e-04
2.099999999999999922e-01 1.841947706936712811e-04
2.200000000000000011e-01 2.005484791088481267e-04
2.300000000000000100e-01 2.165140040491499119e-04
2.399999999999999911e-01 2.319187128793000631e-04
2.500000000000000000e-01 2.465899729640223586e-04
2.600000000000000089e-01 2.603551516680400893e-04
2.700000000000000178e-01 2.730416163560768711e-04
2.800000000000000266e-01 2.844767343928561302e-04
2.899999999999999800e-01 2.944878731431015096e-04
2.999999999999999889e-01 3.029023999715366525e-04
3.099999999999999978e-01 3.095923580701554216e-04
3.200000000000000067e-01 3.146084939400351074e-04
3.300000000000000155e-01 3.180462299095233284e-04
3.400000000000000244e-01 3.200009883069678115e-04
3.500000000000000333e-01 3.205681914607161212e-04
3.599999999999999867e-01 3.198432616991161472e-04
3.699999999999999956e-01 3.179216213505154536e-04
3.800000000000000044e-01 3.148986927432617135e-04
3.900000000000000133e-01 3.108698982057027621e-04
4.000000000000000222e-01 3.059306600661861096e-04
4.100000000000000311e-01 3.001764006530596458e-04
4.199999999999999845e-01 2.937025422946709348e-04
4.299999999999999933e-01 2.866045073193676496e-04
4.400000000000000022e-01 2.789777180554976798e-04
4.500000000000000111e-01 2.709175968314085354e-04
4.600000000000000200e-01 2.625195659754479978e-04
4.700000000000000289e-01 2.538790478159637940e-04
4.799999999999999822e-01 2.450914646813034882e-04
4.899999999999999911e-01 2.362522388998148076e-04
5.000000000000000000e-01 2.274567927998454519e-04
5.100000000000000089e-01 2.187944481559269121e-04
5.200000000000000178e-01 2.103301245273247317e-04
5.300000000000000266e-01 2.021226409194883805e-04
5.400000000000000355e-01 1.942308163378671931e-04
5.500000000000000444e-01 1.867134697879106124e-04
5.600000000000000533e-01 1.796294202750679185e-04
5.700000000000000622e-01 1.730374868047885814e-04
5.799999999999999600e-01 1.669964883825219898e-04
5.899999999999999689e-01 1.615652440137173426e-04
5.999999999999999778e-01 1.568025727038241369e-04
6.099999999999999867e-01 1.527672934582917613e-04
6.199999999999999956e-01 1.495182252825695232e-04
6.300000000000000044e-01 1.471141871821068112e-04
6.400000000000000133e-01 1.456139981623531224e-04
6.500000000000000222e-01 1.450764772287576828e-04
6.600000000000000311e-01 1.455604433867699354e-04
6.700000000000000400e-01 1.471247156418392145e-04
6.800000000000000488e-01 1.498281129994149358e-04
6.900000000000000577e-01 1.537294544649464340e-04
7.000000000000000666e-01 1.588875590438831517e-04
7.099999999999999645e-01 1.653487885595032888e-04
7.199999999999999734e-01 1.731096761064012919e-04
7.299999999999999822e-01 1.821542975970003107e-04
7.399999999999999911e-01 1.924667289437236842e-04
7.500000000000000000e-01 2.040310460589945618e-04
7.600000000000000089e-01 2.168313248552362828e-04
7.700000000000000178e-01 2.308516412448720508e-04
7.800000000000000266e-01 2.460760711403250965e-04
7.900000000000000355e-01 2.624886904540187863e-04
8.000000000000000444e-01 2.800735750983761340e-04
8.100000000000000533e-01 2.988148009858206415e-04
8.200000000000000622e-01 3.186964440287754310e-04
8.300000000000000711e-01 3.397025801396637876e-04
8.399999999999999689e-01 3.618172852309088335e-04
8.499999999999999778e-01 3.850246352149340164e-04
8.599999999999999867e-01 4.093087060041626212e-04
8.699999999999999956e-01 4.346535735110176619e-04
8.800000000000000044e-01 4.610433136479226402e-04
8.900000000000000133e-01 4.884620023273006243e-04
9.000000000000000222e-01 5.168937154615750075e-04
9.100000000000000311e-01 5.463105627514153921e-04
9.200000000000000400e-01 5.766367890504776796e-04
9.300000000000000488e-01 6.077846730006639803e-04
9.400000000000000577e-01 6.396664932438767296e-04
9.500000000000000666e-01 6.721945284220181465e-04
9.599999999999999645e-01 7.052810571769899074e-04
9.699999999999999734e-01 7.388383581506955322e-04
9.799999999999999822e-01 7.727787099850363722e-04
9.899999999999999911e-01 8.070143913219148630e-04
1.000000000000000000e+00 8.414576808032334402e-04
1.010000000000000009e+00 8.760208570708944310e-04
1.020000000000000018e+00 9.106161987667994034e-04
1.030000000000000027e+00 9.451559845328512269e-04
1.040000000000000036e+00 9.795524930109524454e-04
1.050000000000000044e+00 1.013718002843004735e-03
1.060000000000000053e+00 1.047564792670910641e-03
1.070000000000000062e+00 1.081005141136572381e-03
1.080000000000000071e+00 1.113951326881891957e-03
1.090000000000000080e+00 1.146315628548772239e-03
1.100000000000000089e+00 1.178010324779115011e-03
1.110000000000000098e+00 1.208950020039577071e-03
1.120000000000000107e+00 1.239058622095831359e-03
1.130000000000000115e+00 1.268262364538306044e-03
1.140000000000000124e+00 1.296487480957427777e-03
1.150000000000000133e+00 1.323660204943624295e-03
1.159999999999999920e+00 1.349706770087323333e-03
1.169999999999999929e+00 1.374553409978953060e-03
1.179999999999999938e+00 1.398126358208940561e-03
1.189999999999999947e+00 1.420351848367712921e-03
1.199999999999999956e+00 1.441156114045698527e-03
1.209999999999999964e+00 1.460465388833324029e-03
1.219999999999999973e+00 1.478205906321017815e-03
1.229999999999999982e+00 1.494303900099206535e-03
1.239999999999999991e+00 1.508685603758318575e-03
1.250000000000000000e+00 1.521277250888780803e-03
1.260000000000000009e+00 1.532005075081021607e-03
1.270000000000000018e+00 1.540795309925467637e-03
1.280000000000000027e+00 1.547574189012546845e-03
1.290000000000000036e+00 1.552267945932686750e-03
1.300000000000000044e+00 1.554802814276314872e-03
1.310000000000000053e+00 1.555131693796031438e-03
1.320000000000000062e+00 1.553314148893125343e-03
1.330000000000000071e+00 1.549436410131059712e-03
1.340000000000000080e+00 1.543584708073296799e-03
1.350000000000000089e+00 1.535845273283297559e-03
1.360000000000000098e+00 1.526304336324524899e-03
1.370000000000000107e+00 1.515048127760441942e-03
1.380000000000000115e+00 1.502162878154508991e-03
1.390000000000000124e+00 1.487734818070189386e-03
1.400000000000000133e+00 1.471850178070944950e-03
1.409999999999999920e+00 1.454595188720238588e-03
1.419999999999999929e+00 1.436056080581531473e-03
1.429999999999999938e+00 1.416319084218285642e-03
1.439999999999999947e+00 1.395470430193963786e-03
1.449999999999999956e+00 1.373596349072028593e-03
1.459999999999999964e+00 1.350783071415941018e-03
1.469999999999999973e+00 1.327116827789163967e-03
1.479999999999999982e+00 1.302683848755159914e-03
1.489999999999999991e+00 1.277570364877390462e-03
1.500000000000000000e+00 1.251862606719317652e-03
1.510000000000000009e+00 1.225645683981098138e-03
1.520000000000000018e+00 1.199000222909662712e-03
1.530000000000000027e+00 1.172005728888637433e-03
1.540000000000000036e+00 1.144741707301648141e-03
1.550000000000000044e+00 1.117287663532319378e-03
1.560000000000000053e+00 1.089723102964277636e-03
1.570000000000000062e+00 1.062127530981147889e-03
1.580000000000000071e+00 1.034580452966555762e-03
1.590000000000000080e+00 1.007161374304126446e-03
1.600000000000000089e+00 9.799498003774857833e-04
1.610000000000000098e+00 9.530252365702591814e-04
1.620000000000000107e+00 9.264671882660719402e-04
1.630000000000000115e+00 9.003551608485497928e-04
1.640000000000000124e+00 8.747686597013182557e-04
1.650000000000000133e+00 8.497871902080029538e-04
1.660000000000000142e+00 8.254902577522289699e-04
1.669999999999999929e+00 8.019573677176225794e-04
1.679999999999999938e+00 7.792680254878082144e-04
1.689999999999999947e+00 7.575017364464117168e-04
1.699999999999999956e+00 7.367380059770587113e-04
1.709999999999999964e+00 7.170353957109781807e-04
1.719999999999999973e+00 6.983686922698113461e-04
1.729999999999999982e+00 6.806917385228034370e-04
1.739999999999999991e+00 6.639583773391992492e-04
1.750000000000000000e+00 6.481224515882434700e-04
1.760000000000000009e+00 6.331378041391812206e-04
1.770000000000000018e+00 6.189582778612570798e-04
1.780000000000000027e+00 6.055377156237161688e-04
1.790000000000000036e+00 5.928299602958035002e-04
1.800000000000000044e+00 5.807888547467636529e-04
1.810000000000000053e+00 5.693682418458416395e-04
1.820000000000000062e+00 5.585219644622824728e-04
1.830000000000000071e+00 5.482038654653307317e-04
1.840000000000000080e+00 5.383677877242313203e-04
1.850000000000000089e+00 5.289675741082294682e-04
1.860000000000000098e+00 5.199570674865698627e-04
1.870000000000000107e+00 5.112901107284974081e-04
1.880000000000000115e+00 5.029205467032567918e-04
1.890000000000000124e+00 4.948022182800931347e-04
1.900000000000000133e+00 4.868889683282512869e-04
1.910000000000000142e+00 4.791424914219987439e-04
1.919999999999999929e+00 4.715558889556940706e-04
1.929999999999999938e+00 4.641301140287179897e-04
1.939999999999999947e+00 4.568661197404517114e-04
1.949999999999999956e+00 4.497648591902766091e-04
1.959999999999999964e+00 4.428272854775732966e-04
1.969999999999999973e+00 4.360543517017229846e-04
1.979999999999999982e+00 4.294470109621069376e-04
1.989999999999999991e+00 4.230062163581060951e-04
2.000000000000000000e+00 4.167329209891015049e-04
2.010000000000000231e+00 4.106280779544741605e-04
2.020000000000000018e+00 4.046926403536054893e-04
2.030000000000000249e+00 3.989275612858759969e-04
2.040000000000000036e+00 3.933337938506673817e-04
2.049999999999999822e+00 3.879122911473603663e-04
2.060000000000000053e+00 3.826640062753358358e-04
2.069999999999999840e+00 3.775898923339753260e-04
2.080000000000000071e+00 3.726909024226595594e-04
2.089999999999999858e+00 3.679679896407698006e-04
2.100000000000000089e+00 3.634221070876867180e-04
2.109999999999999876e+00 3.590500566155368297e-04
2.120000000000000107e+00 3.548320350874249024e-04
2.129999999999999893e+00 3.507440881192012277e-04
2.140000000000000124e+00 3.467622613267155006e-04
2.149999999999999911e+00 3.428626003258179039e-04
2.160000000000000142e+00 3.390211507323585122e-04
2.169999999999999929e+00 3.352139581621873458e-04
2.180000000000000160e+00 3.314170682311541540e-04
2.189999999999999947e+00 3.276065265551094991e-04
2.200000000000000178e+00 3.237583787499027509e-04
2.209999999999999964e+00 3.198486704313844718e-04
2.220000000000000195e+00 3.158534472154041401e-04
2.229999999999999982e+00 3.117487547178124808e-04
2.240000000000000213e+00 3.075106385544587552e-04
2.250000000000000000e+00 3.031151443411935257e-04
2.260000000000000231e+00 2.985383176938664332e-04
2.270000000000000018e+00 2.937562042283279858e-04
2.280000000000000249e+00 2.887448495604274992e-04
2.290000000000000036e+00 2.834802993060156441e-04
2.300000000000000266e+00 2.779385990809420072e-04
2.310000000000000053e+00 2.721033369330261233e-04
2.319999999999999840e+00 2.659882706379635797e-04
2.330000000000000071e+00 2.596147004034188820e-04
2.339999999999999858e+00 2.530039264370575656e-04
2.350000000000000089e+00 2.461772489465438108e-04
2.359999999999999876e+00 2.391559681395432615e-04
2.370000000000000107e+00 2.319613842237200439e-04
2.379999999999999893e+00 2.246147974067398017e-04
2.390000000000000124e+00 2.171375078962666883e-04
2.399999999999999911e+00 2.095508158999662119e-04
2.410000000000000142e+00 2.018760216255026884e-04
2.419999999999999929e+00 1.941344252805416262e-04
2.430000000000000160e+00 1.863473270727472055e-04
2.439999999999999947e+00 1.785360272097850161e-04
2.450000000000000178e+00 1.707218258993192924e-04
2.459999999999999964e+00 1.629260233490155429e-04
2.470000000000000195e+00 1.551699197665379749e-04
2.479999999999999982e+00 1.474748153595522053e-04
2.490000000000000213e+00 1.398620103357223871e-04
2.500000000000000000e+00 1.323528049027141102e-04
2.510000000000000231e+00 1.249664922800865230e-04
2.520000000000000018e+00 1.177143377349798396e-04
2.530000000000000249e+00 1.106055995464278331e-04
2.540000000000000036e+00 1.036495359934656721e-04
2.550000000000000266e+00 9.685540535512723816e-05
2.560000000000000053e+00 9.023246591044763220e-05
2.569999999999999840e+00 8.378997593846096599e-05
2.580000000000000071e+00 7.753719371820148680e-05
2.589999999999999858e+00 7.148337752870425504e-05
2.600000000000000089e+00 6.563778564900319269e-05
2.609999999999999876e+00 6.000967635813331274e-05
2.620000000000000107e+00 5.460830793512859140e-05
2.629999999999999893e+00 4.944293865902400098e-05
2.640000000000000124e+00 4.452282680885356512e-05
2.649999999999999911e+00 3.985723066365220193e-05
2.660000000000000142e+00 3.545540850245398927e-05
2.669999999999999929e+00 3.132661860429381814e-05
2.680000000000000160e+00 2.748011924820577655e-05
2.689999999999999947e+00 2.392516871322469791e-05
2.700000000000000178e+00 2.067102527838476171e-05
2.709999999999999964e+00 1.772502384040561252e-05
2.720000000000000195e+00 1.508680576674588882e-05
2.729999999999999982e+00 1.275408904254957557e-05
2.740000000000000213e+00 1.072459165296023931e-05
2.750000000000000000e+00 8.996031583121826035e-06
2.760000000000000231e+00 7.566126818177952252e-06
2.770000000000000018e+00 6.432595343272506365e-06
2.780000000000000249e+00 5.593155143549154854e-06
2.790000000000000036e+00 5.045524204151742077e-06
2.800000000000000266e+00 4.787420510223982796e-06
2.810000000000000053e+00 4.816562046909668852e-06
2.819999999999999840e+00 5.130666799352546348e-06
2.830000000000000071e+00 5.727452752696418136e-06
2.839999999999999858e+00 6.604637892084993896e-06
2.850000000000000089e+00 7.759940202662122220e-06
2.859999999999999876e+00 9.191077669571465355e-06
2.870000000000000107e+00 1.089576827795691679e-05
2.879999999999999893e+00 1.287173001296209217e-05
2.890000000000000124e+00 1.511668085973093074e-05
2.899999999999999911e+00 1.762833880340700579e-05
2.910000000000000142e+00 2.039819153789239908e-05
2.919999999999999929e+00 2.339280559212110014e-05
2.930000000000000160e+00 2.657251720378570856e-05
2.939999999999999947e+00 2.989766261057827507e-05
2.950000000000000178e+00 3.332857805019144332e-05
2.959999999999999964e+00 3.682559976031723694e-05
2.970000000000000195e+00 4.034906397864828942e-05
2.979999999999999982e+00 4.385930694287661422e-05
2.990000000000000213e+00 4.731666489069490241e-05
3.000000000000000000e+00 5.068147405979513359e-05
3.010000000000000231e+00 5.391407068786995818e-05
3.020000000000000018e+00 5.697479101261142351e-05
3.030000000000000249e+00 5.982397127171213259e-05
3.040000000000000036e+00 6.242194770286417342e-05
3.050000000000000266e+00 6.472905654376010832e-05
3.060000000000000053e+00 6.670563403209203886e-05
3.070000000000000284e+00 6.831201640555254091e-05
3.080000000000000071e+00 6.950853990183375670e-05
3.089999999999999858e+00 7.025554075862808592e-05
3.100000000000000089e+00 7.051335521362790118e-05
3.109999999999999876e+00 7.025554075862805881e-05
3.120000000000000107e+00 6.950853990183367538e-05
3.129999999999999893e+00 6.831201640555244604e-05
3.140000000000000124e+00 6.670563403209194399e-05
3.149999999999999911e+00 6.472905654375994569e-05
3.160000000000000142e+00 6.242194770286401079e-05
3.169999999999999929e+00 5.982397127171195641e-05
3.180000000000000160e+00 5.697479101261124056e-05
3.189999999999999947e+00 5.391407068786976844e-05
3.200000000000000178e+00 5.068147405979493708e-05
3.209999999999999964e+00 4.731666489069469913e-05
3.220000000000000195e+00 4.385930694287642448e-05
3.229999999999999982e+00 4.034906397864808613e-05
3.240000000000000213e+00 3.682559976031704043e-05
3.250000000000000000e+00 3.332857805019126036e-05
3.260000000000000231e+00 2.989766261057809888e-05
3.270000000000000018e+00 2.657251720378553915e-05
3.280000000000000249e+00 2.339280559212093412e-05
3.290000000000000036e+00 2.039819153789224662e-05
3.300000000000000266e+00 1.762833880340687026e-05
3.310000000000000053e+00 1.511409698157101266e-05
3.320000000000000284e+00 1.285105898768359801e-05
3.330000000000000071e+00 1.082600356764227131e-05
3.339999999999999858e+00 9.025709467344379428e-06
3.350000000000000089e+00 7.436955432687288691e-06
3.359999999999999876e+00 6.046520209568595833e-06
3.370000000000000107e+00 4.841182543885618908e-06
3.379999999999999893e+00 3.807721181535908906e-06
3.390000000000000124e+00 2.932914868416819883e-06
3.399999999999999911e+00 2.203542350425873182e-06
3.410000000000000142e+00 1.606382373460449751e-06
3.419999999999999929e+00 1.128213683418047428e-06
3.430000000000000160e+00 7.558150261960672793e-07
3.439999999999999947e+00 4.759651476919886133e-07
3.450000000000000178e+00 2.754427938032304950e-07
3.459999999999999964e+00 1.410267104272559286e-07
3.470000000000000195e+00 5.949564346149725979e-08
3.479999999999999982e+00 1.762833880340699107e-08
3.490000000000000213e+00 2.203542350425726646e-09
3.500000000000000000e+00 0.000000000000000000e+00
3.510000000000000231e+00 0.000000000000000000e+00
3.520000000000000018e+00 0.000000000000000000e+00
3.530000000000000249e+00 0.000000000000000000e+00
3.540000000000000036e+00 0.000000000000000000e+00
3.550000000000000266e+00 0.000000000000000000e+00
3.560000000000000053e+00 0.000000000000000000e+00
3.570000000000000284e+00 0.000000000000000000e+00
3.580000000000000071e+00 0.000000000000000000e+00
3.589999999999999858e+00 0.000000000000000000e+00
3.600000000000000089e+00 0.000000000000000000e+00
3.609999999999999876e+00 0.000000000000000000e+00
3.620000000000000107e+00 0.000000000000000000e+00
3.629999999999999893e+00 0.000000000000000000e+00
3.640000000000000124e+00 0.000000000000000000e+00
3.649999999999999911e+00 0.000000000000000000e+00
3.660000000000000142e+00 0.000000000000000000e+00
3.669999999999999929e+00 0.000000000000000000e+00
3.680000000000000160e+00 0.000000000000000000e+00
3.689999999999999947e+00 0.000000000000000000e+00
3.700000000000000178e+00 0.000000000000000000e+00
3.709999999999999964e+00 0.000000000000000000e+00
3.720000000000000195e+00 0.000000000000000000e+00
3.729999999999999982e+00 0.000000000000000000e+00
3.740000000000000213e+00 0.000000000000000000e+00
3.750000000000000000e+00 0.000000000000000000e+00
3.760000000000000231e+00 0.000000000000000000e+00
3.770000000000000018e+00 0.000000000000000000e+00
3.780000000000000249e+00 0.000000000000000000e+00
3.790000000000000036e+00 0.000000000000000000e+00
3.800000000000000266e+00 0.000000000000000000e+00
3.810000000000000053e+00 0.000000000000000000e+00
3.820000000000000284e+00 0.000000000000000000e+00
3.830000000000000071e+00 0.000000000000000000e+00
3.839999999999999858e+00 0.000000000000000000e+00
3.850000000000000089e+00 0.000000000000000000e+00
3.859999999999999876e+00 0.000000000000000000e+00
3.870000000000000107e+00 0.000000000000000000e+00
3.879999999999999893e+00 0.000000000000000000e+00
3.890000000000000124e+00 0.000000000000000000e+00
3.899999999999999911e+00 0.000000000000000000e+00
3.910000000000000142e+00 0.000000000000000000e+00
3.919999999999999929e+00 0.000000000000000000e+00
3.930000000000000160e+00 0.000000000000000000e+00
3.939999999999999947e+00 0.000000000000000000e+00
3.950000000000000178e+00 0.000000000000000000e+00
3.959999999999999964e+00 0.000000000000000000e+00
3.970000000000000195e+00 0.000000000000000000e+00
3.979999999999999982e+00 0.000000000000000000e+00
3.990000000000000213e+00 0.000000000000000000e+00
4.000000000000000000e+00 0.000000000000000000e+00
