0.000000000000000000e+00 0.000000000000000000e+00 0.000000000000000000e+00 0.000000000000000000e+00
8.016032064128255849e-03 9.319300731214589508e-04 3.638258854415827188e-05 3.331999516715301065e-04
1.603206412825651170e-02 3.305728156410461804e-03 2.370325643651910582e-04 1.160596868993484443e-03
2.404809619238476581e-02 7.148468990263880281e-03 7.121891707518977635e-04 2.474873491602360212e-03
3.206412825651302340e-02 1.248598487957280380e-02 1.572091650993078307e-03 4.268712559134656137e-03
4.008016032064128098e-02 1.934293615320301085e-02 2.926979248377531775e-03 6.534796811226869367e-03
4.809619238476953162e-02 2.832461248123870068e-02 5.146317149571184510e-03 9.408019630758386598e-03
5.611222444889778921e-02 3.895402877126784291e-02 8.197906763712457454e-03 1.273781346280655410e-02
6.412825651302604679e-02 5.122748977649319718e-02 1.218325551283955428e-02 1.651072833420544686e-02
7.214428857715429744e-02 6.516372688949098602e-02 1.721260264024126324e-02 2.071944698459156700e-02
8.016032064128256196e-02 8.078066729278056413e-02 2.339618738920641247e-02 2.535665215360142360e-02
8.817635270541081260e-02 9.875054847262371149e-02 3.129120910328875294e-02 3.053806384927799933e-02
9.619238476953906325e-02 1.185437702755506445e-01 4.070393049849063694e-02 3.613726143437886312e-02
1.042084168336673278e-01 1.400904561269910586e-01 5.167110304284897732e-02 4.213108672346434908e-02
1.122244488977955784e-01 1.633179622004722054e-01 6.418434656678964623e-02 4.849765771116264224e-02
1.202404809619238429e-01 1.881064637179810373e-01 7.816623926105373266e-02 5.520661507921791056e-02
1.282565130260520936e-01 2.148195374805365043e-01 9.383415078399480469e-02 6.229303171805074257e-02
1.362725450901803581e-01 2.427931312431174937e-01 1.106881507317480501e-01 6.963026553626523729e-02
1.442885771543085949e-01 2.718253488760211667e-01 1.285637843202205588e-01 7.717199946900837881e-02
1.523046092184368594e-01 3.017949817876285357e-01 1.473487416775467462e-01 8.488359044949252141e-02
1.603206412825651239e-01 3.325855209116820310e-01 1.669307129318608751e-01 9.273039541092993610e-02
1.683366733466933607e-01 3.643970814984067164e-01 1.873273215596918395e-01 1.006873438026053835e-01
1.763527054108216252e-01 3.967845204457889352e-01 2.082201816506690228e-01 1.086808522857868053e-01
1.843687374749498897e-01 4.295789275220528447e-01 2.294630401090299587e-01 1.166716884840932195e-01
1.923847695390781265e-01 4.626829915867373133e-01 2.509435870629090903e-01 1.246252093307368691e-01
2.004008016032063910e-01 4.960030000623563140e-01 2.725495126404407498e-01 1.325067717589300809e-01
2.084168336673346555e-01 5.296002283023647506e-01 2.941164857991990789e-01 1.402366497874021622e-01
2.164328657314629201e-01 5.631977409858012207e-01 3.154720817965676050e-01 1.477833428089241619e-01
2.244488977955911568e-01 5.966668248300990296e-01 3.365060408879844700e-01 1.551201911461674576e-01
2.324649298597194214e-01 6.299288261682562950e-01 3.571060532015841171e-01 1.622125517323443067e-01
2.404809619238476859e-01 6.629078714334301070e-01 3.771598088655007119e-01 1.690257815006670494e-01
2.484969939879759226e-01 6.955485465555426572e-01 3.963388139812235589e-01 1.754309870498895751e-01
2.565130260521041872e-01 7.276988478047361486e-01 4.145810216481509713e-01 1.814277744831259143e-01
2.645290581162324517e-01 7.592771614678963665e-01 4.318299571357912536e-01 1.870075448326797840e-01
2.725450901803607162e-01 7.902195474874867953e-01 4.479733105722787934e-01 1.921356550317634970e-01
2.805611222444889807e-01 8.204642302084826921e-01 4.628987720857479227e-01 1.967774620135894215e-01
2.885771543086171897e-01 8.498590199706175241e-01 4.761314765844723573e-01 2.007603929675163268e-01
2.965931863727454543e-01 8.783395732464090999e-01 4.876841716841262553e-01 2.041041846858406561e-01
3.046092184368737188e-01 9.058881716552931174e-01 4.976047028764125080e-01 2.068345511428012484e-01
3.126252505010019833e-01 9.324845730847147740e-01 5.058841160018791028e-01 2.089508267714820511e-01
3.206412825651302478e-01 9.581231123400206773e-01 5.125584436849895953e-01 2.104671351095944443e-01
3.286573146292585124e-01 9.826762835365591142e-01 5.173684756185711331e-01 2.112858766786598341e-01
3.366733466933867214e-01 1.006198875405571957e+00 5.205908198019300048e-01 2.115097948602051858e-01
3.446893787575149859e-01 1.028752074093559621e+00 5.224478232842425518e-01 2.112216273357405971e-01
3.527054108216432504e-01 1.050338051089873659e+00 5.229997204408127764e-01 2.104434538068592764e-01
3.607214428857715149e-01 1.070958910113066986e+00 5.223067456469451253e-01 2.091973539751542099e-01
3.687374749498997795e-01 1.090474257877105391e+00 5.202039037939351074e-01 2.074204183620874387e-01
3.767535070140280440e-01 1.108933709797251366e+00 5.168962629550387655e-01 2.051888580870497580e-01
3.847695390781562530e-01 1.126417922039500752e+00 5.125834949070143809e-01 2.025772530937469951e-01
3.927855711422845175e-01 1.142929116650913679e+00 5.073258340251658449e-01 1.996076830837721916e-01
4.008016032064127820e-01 1.158469448933707957e+00 5.011835146847971600e-01 1.963022277587183895e-01
4.088176352705410466e-01 1.172889672706857844e+00 4.940762148964171208e-01 1.926291698654784279e-01
4.168336673346693111e-01 1.186228320196367259e+00 4.861565469657433969e-01 1.886451838103264667e-01
4.248496993987975756e-01 1.198587157843535422e+00 4.775919653178593016e-01 1.844131940246541423e-01
4.328657314629258401e-01 1.209968426652347606e+00 4.684427043280691150e-01 1.799552802100545246e-01
4.408817635270540491e-01 1.220374302748505890e+00 4.587689983716771724e-01 1.752935220681207940e-01
4.488977955911823137e-01 1.229650293117978910e+00 4.485656564991483686e-01 1.704238967966664742e-01
4.569138276553105782e-01 1.237818584908881636e+00 4.379519194071746502e-01 1.653905376378690395e-01
4.649298597194388427e-01 1.245003522460512047e+00 4.270534820899087869e-01 1.602412157362959610e-01
4.729458917835671072e-01 1.251207342754608876e+00 4.159305789226547256e-01 1.549980107935403639e-01
4.809619238476953718e-01 1.256432220272838629e+00 4.046434442807167464e-01 1.496830025111952067e-01
4.889779559118235808e-01 1.260521650895047197e+00 3.932524761752605458e-01 1.443163647634855273e-01
4.969939879759518453e-01 1.263476770993093856e+00 3.818626278524642759e-01 1.389366851775112044e-01
5.050100200400801098e-01 1.265455158189798812e+00 3.705448100239788767e-01 1.335735131137379683e-01
5.130260521042083743e-01 1.266488737688695965e+00 3.593480286071652485e-01 1.282503122635544890e-01
5.210420841683366389e-01 1.266618005247079903e+00 3.483177231605337210e-01 1.229909858982349558e-01
5.290581162324649034e-01 1.265761122870971533e+00 3.375416683949978847e-01 1.178399406040786523e-01
5.370741482965931679e-01 1.263970111520336337e+00 3.270992723523269419e-01 1.128409538053722072e-01
5.450901803607214324e-01 1.261435019091828424e+00 3.169958934465590961e-01 1.080020064095551652e-01
5.531062124248496970e-01 1.258196700991047523e+00 3.072748815728157390e-01 1.033472592542408475e-01
5.611222444889779615e-01 1.254294945670673345e+00 2.979795866262183179e-01 9.890087317704261693e-02
5.691382765531061150e-01 1.249678325869153950e+00 2.892309142741796846e-01 9.472610431622188742e-02
5.771543086172343795e-01 1.244377305049671367e+00 2.811261351944191467e-01 9.087591737008370030e-02
5.851703406813626440e-01 1.238553563115044165e+00 2.736196142085254857e-01 8.733025642008702960e-02
5.931863727454909085e-01 1.232242430400355859e+00 2.667547012116202598e-01 8.411328230384518267e-02
6.012024048096191731e-01 1.225478343744333731e+00 2.605747460988246944e-01 8.124915585897150849e-02
6.092184368737474376e-01 1.218234983027469909e+00 2.552269181839324497e-01 7.881615531626565141e-02
6.172344689378757021e-01 1.210531150805215450e+00 2.508400854008500103e-01 7.688408756689904533e-02
6.252505010020039666e-01 1.202498482792946577e+00 2.473107516685982832e-01 7.540103240692601350e-02
6.332665330661322312e-01 1.194167633225125202e+00 2.446822668822987712e-01 7.380936605715909815e-02
6.412825651302604957e-01 1.185568504853449223e+00 2.429979809370729771e-01 7.193074047936444393e-02
6.492985971943887602e-01 1.176694981946315277e+00 2.424244594829766397e-01 7.067377646662603707e-02
6.573146292585170247e-01 1.167563113429190391e+00 2.431359023303401312e-01 7.009362578179396952e-02
6.653306613226452892e-01 1.158272893824511041e+00 2.449640851854981705e-01 7.007344676071447509e-02
6.733466933867734427e-01 1.148851000944329126e+00 2.479523579435722047e-01 7.060542614514409010e-02
6.813627254509017073e-01 1.139323478044214299e+00 2.521440704996836812e-01 7.168194746745035206e-02
6.893787575150299718e-01 1.129699878687122183e+00 2.577183175300329365e-01 7.335907359467029598e-02
6.973947895791582363e-01 1.120001547125947905e+00 2.649083653416099970e-01 7.571411302415653743e-02
7.054108216432865008e-01 1.110288360579066325e+00 2.734606646684105136e-01 7.860160508721561468e-02
7.134268537074147654e-01 1.100561010736864187e+00 2.833735124711561082e-01 8.200394317935187638e-02
7.214428857715430299e-01 1.090815178235075456e+00 2.946352391472021326e-01 8.590218448944696161e-02
7.294589178356712944e-01 1.081029837304036567e+00 3.073442581061440193e-01 9.033268215527782974e-02
7.374749498997995589e-01 1.071170628250752710e+00 3.216653759910976240e-01 9.536937876650010415e-02
7.454909819639278235e-01 1.061263927039139077e+00 3.372626144177148233e-01 1.008457354490344959e-01
7.535070140280560880e-01 1.051302837930021328e+00 3.541176933076491951e-01 1.067451588536515589e-01
7.615230460921843525e-01 1.041280619999697343e+00 3.722123325825540952e-01 1.130518888509196851e-01
7.695390781563125060e-01 1.031176026417565339e+00 3.916193321476479916e-01 1.197972857505772565e-01
7.775551102204407705e-01 1.020944698110433535e+00 4.125192514433555502e-01 1.270733484781260414e-01
7.855711422845690350e-01 1.010626265959631231e+00 4.345859727923969129e-01 1.347130789371150938e-01
7.935871743486972996e-01 1.000214675838527967e+00 4.543260916225306811e-01 1.427035806133214180e-01
8.016032064128255641e-01 9.897040058307199351e-01 4.689648858579602009e-01 1.510325748257041190e-01
8.096192384769538286e-01 9.790738969951453541e-01 4.840631541910407343e-01 1.597257441271393297e-01
8.176352705410820931e-01 9.682681026815401770e-01 4.997636748600835510e-01 1.688914594490212306e-01
8.256513026052103577e-01 9.573398944164980273e-01 5.157356991122153955e-01 1.783613762469470898e-01
8.336673346693386222e-01 9.462839457721773373e-01 5.319384900865156141e-01 1.881253535123757759e-01
8.416833667334668867e-01 9.350950435486078405e-01 5.483341043889777833e-01 1.981737149414476984e-01
8.496993987975951512e-01 9.237547475068356162e-01 5.649292221112613976e-01 2.085260703466774446e-01
8.577154308617234157e-01 9.121931951378251524e-01 5.818695166590892587e-01 2.193058506433617771e-01
8.657314629258516803e-01 9.004776624855961309e-01 5.988791046582626620e-01 2.303427577267642135e-01
8.737474949899798338e-01 8.886034545072212243e-01 6.159306689769976639e-01 2.416287328458876504e-01
8.817635270541080983e-01 8.765659733824053834e-01 6.329988014327697643e-01 2.531560713165603160e-01
8.897795591182363628e-01 8.643496568377945222e-01 6.500848335298389236e-01 2.649381035545413932e-01
8.977955911823646273e-01 8.518694401980025921e-01 6.673293510313882404e-01 2.771122728487411813e-01
9.058116232464928919e-01 8.392092507334855123e-01 6.844971903585204132e-01 2.895005567007924441e-01
9.138276553106211564e-01 8.263725428568678977e-01 7.015507272465458799e-01 3.020791013859131513e-01
9.218436873747494209e-01 8.133637707221815782e-01 7.184522460666338262e-01 3.148227877310774692e-01
9.298597194388776854e-01 8.001813351537371277e-01 7.351747149019458583e-01 3.277164523473116153e-01
9.378757515030059499e-01 7.867493790265570608e-01 7.517853875976039379e-01 3.408539654767471228e-01
9.458917835671342145e-01 7.731642206475726198e-01 7.681006042179177040e-01 3.540627410354744153e-01
9.539078156312624790e-01 7.594307279450537296e-01 7.840925772214213385e-01 3.673213278149852767e-01
9.619238476953907435e-01 7.455536730061896877e-01 7.997356100640483634e-01 3.806093332610636648e-01
9.699398797595190080e-01 7.315350338684573073e-01 8.150079327071301227e-01 3.939106892201609811e-01
9.779559118236471615e-01 7.172974191632998098e-01 8.299305074479184086e-01 4.073003582556291025e-01
9.859719438877754261e-01 7.029333480344034379e-01 8.444041370089716558e-01 4.206460410591685295e-01
9.939879759519036906e-01 6.884471836129730793e-01 8.584118617337895829e-01 4.339317043363261073e-01
1.002004008016031955e+00 6.738432051910223652e-01 8.719381478321137635e-01 4.471421050950893372e-01
1.010020040080160220e+00 6.591256102254993143e-01 8.849687960301542144e-01 4.602627510813457890e-01
1.018036072144288484e+00 6.442188707275341431e-01 8.974734765732116371e-01 4.733438971606939161e-01
1.026052104208416749e+00 6.292090397640383026e-01 9.094281599282308948e-01 4.862929220369072714e-01
1.034068136272545013e+00 6.141008645540567690e-01 9.208235606511369076e-01 4.990971883128026976e-01
1.042084168336673278e+00 5.988981897832001966e-01 9.316513313985524958e-01 5.117453876932399615e-01
1.050100200400801542e+00 5.836047883297219574e-01 9.419040237268195837e-01 5.242267747865667626e-01
1.058116232464929807e+00 5.681542810844351088e-01 9.515057670309925442e-01 5.365624312771440918e-01
1.066132264529058071e+00 5.526196403901104670e-01 9.604912309931236125e-01 5.486987699519145778e-01
1.074148296593186336e+00 5.370081970172145835e-01 9.688595159224698827e-01 5.606250197451398964e-01
1.082164328657314600e+00 5.213234113207313447e-01 9.766073431407096272e-01 5.723328957387148197e-01
1.090180360721442865e+00 5.055686805008769991e-01 9.837320265428184385e-01 5.838145355988456631e-01
1.098196392785571129e+00 4.896860101019618328e-01 9.901220223608990789e-01 5.950666624284363104e-01
1.106212424849699394e+00 4.737418329917660320e-01 9.958538410765447324e-01 6.060687079879392147e-01
1.114228456913827658e+00 4.577628542214455254e-01 1.000940842533039943e+00 6.168229760719491361e-01
1.122244488977955923e+00 4.417703984749789536e-01 1.005386958562516586e+00 6.273334226512090606e-01
1.130260521042083965e+00 4.257868877756733061e-01 1.009196593126265418e+00 6.376047152244384009e-01
1.138276553106212230e+00 4.098147516914721900e-01 1.012241312916750902e+00 6.476418671359938095e-01
1.146292585170340494e+00 3.939126327222113311e-01 1.014623725861379278e+00 6.574470964998533340e-01
1.154308617234468759e+00 3.781059024640748278e-01 1.016368326614328410e+00 6.670245327042246819e-01
1.162324649298597024e+00 3.624151584619684230e-01 1.017480656171588782e+00 6.763783803705663011e-01
1.170340681362725288e+00 3.468606387400139379e-01 1.017966312013808272e+00 6.855127238486652397e-01
1.178356713426853553e+00 3.314791264050492292e-01 1.017680906180719935e+00 6.944289775097860495e-01
1.186372745490981817e+00 3.162959344507364490e-01 1.016736240882777365e+00 7.031314454855197571e-01
1.194388777555110082e+00 3.013283099959165878e-01 1.015168509420979914e+00 7.116243073313629486e-01
1.202404809619238346e+00 2.865948626337171956e-01 1.012984039310391937e+00 7.199112585628544281e-01
1.210420841683366611e+00 2.721138840709773632e-01 1.010189151858710499e+00 7.279958926746802339e-01
1.218436873747494875e+00 2.579518322836508726e-01 1.006628453178623150e+00 7.358766877802346285e-01
1.226452905811623140e+00 2.441089904362974128e-01 1.002415383332671217e+00 7.435593012050989437e-01
1.234468937875751404e+00 2.305915872138356582e-01 9.975989373428905127e-01 7.510482680028102154e-01
1.242484969939879669e+00 2.174164575641509001e-01 9.921858756193780993e-01 7.583468528982829637e-01
1.250501002004007933e+00 2.046001548750243371e-01 9.861829105184650723e-01 7.654582335323522058e-01
1.258517034068136198e+00 1.922344111912012155e-01 9.794278098054397530e-01 7.723785234273613520e-01
1.266533066132264462e+00 1.803022455632300458e-01 9.720295162255857546e-01 7.791140953395365720e-01
1.274549098196392727e+00 1.687961424860495718e-01 9.640506938128597936e-01 7.856700967894847398e-01
1.282565130260520991e+00 1.577313493276254475e-01 9.554982865751803223e-01 7.920494257372686642e-01
1.290581162324649256e+00 1.471228636696904069e-01 9.463791633011390259e-01 7.982549053719363297e-01
1.298597194388777520e+00 1.370835477355601684e-01 9.365277631125997759e-01 8.042807797965924044e-01
1.306613226452905785e+00 1.275782988001389617e-01 9.260525721748091854e-01 8.101313586996149452e-01
1.314629258517034049e+00 1.185557416710092543e-01 9.150606787913876383e-01 8.158051661824056167e-01
1.322645290581162314e+00 1.100022076394612386e-01 9.035880922661668757e-01 8.212974984772890563e-01
1.330661322645290578e+00 1.019025426496157488e-01 8.916711623643033269e-01 8.266033931717045036e-01
1.338677354709418621e+00 9.432011394103063939e-02 8.792132700450668858e-01 8.316981584388731807e-01
1.346693386773546885e+00 8.719262484507964150e-02 8.663306574007616501e-01 8.365800510122485267e-01
1.354709418837675150e+00 8.046490543221303249e-02 8.531238200642233815e-01 8.412534526975972149e-01
1.362725450901803415e+00 7.412286172476238721e-02 8.396227029028021649e-01 8.457144127401112765e-01
1.370741482965931679e+00 6.815262155192081117e-02 8.258559870068650222e-01 8.499591519052952515e-01
1.378757515030059944e+00 6.260122664539775894e-02 8.117537658830842329e-01 8.539551050705632695e-01
1.386773547094188208e+00 5.742277558851038161e-02 7.973967362483784793e-01 8.577040412470782194e-01
1.394789579158316473e+00 5.256607899102724163e-02 7.828711508390202578e-01 8.612186344398657933e-01
1.402805611222444737e+00 4.801822240617482918e-02 7.682005523342719799e-01 8.644959307632857914e-01
1.410821643286573002e+00 4.376649070983075485e-02 7.534074816296804089e-01 8.675331115599272946e-01
1.418837675350701266e+00 3.984359635592450710e-02 7.384443026006470845e-01 8.702916587668925175e-01
1.426853707414829531e+00 3.621643540876356288e-02 7.233653060883503683e-01 8.727736930188227937e-01
1.434869739478957795e+00 3.283902379813588568e-02 7.082422166758762794e-01 8.750007420677473613e-01
1.442885771543086060e+00 2.969951327461745408e-02 6.930934398110986105e-01 8.769706622360043946e-01
1.450901803607214324e+00 2.678623499445373368e-02 6.779365858394239552e-01 8.786814160971971877e-01
1.458917835671342589e+00 2.411946223864245079e-02 6.627423487819491532e-01 8.800902476981500300e-01
1.466933867735470853e+00 2.167550150483514917e-02 6.475463293962410161e-01 8.811968687253250998e-01
1.474949899799599118e+00 1.941473563105864178e-02 6.324054632525377695e-01 8.820321537512094690e-01
1.482965931863727382e+00 1.732628182970356173e-02 6.173340234247901570e-01 8.825946184201252098e-01
1.490981963927855647e+00 1.539941903879680878e-02 6.023456516110485826e-01 8.828828614193362512e-01
1.498997995991983911e+00 1.364377246641607089e-02 5.874258817356206031e-01 8.828514221385707073e-01
1.507014028056112176e+00 1.204321577203023609e-02 5.725983766717055445e-01 8.824965152438861704e-01
1.515030060120240440e+00 1.057021882473880604e-02 5.579058096966463820e-01 8.818633035349867644e-01
1.523046092184368705e+00 9.219156265310985907e-03 5.433598164389712437e-01 8.809550425741052848e-01
1.531062124248496970e+00 7.984675469654943514e-03 5.289715328823251239e-01 8.797751050824912378e-01
1.539078156312625012e+00 6.876089668131451366e-03 5.147395830722820698e-01 8.782848798495858089e-01
1.547094188376753277e+00 5.887390261170953078e-03 5.006820256252795254e-01 8.764799932480235034e-01
1.555110220440881541e+00 4.995575128996954106e-03 4.868255827208666231e-01 8.744114853598430326e-01
1.563126252505009806e+00 4.195638780539543387e-03 4.731790715806066250e-01 8.720824952655579221e-01
1.571142284569138070e+00 3.482647445197877868e-03 4.597508876354284846e-01 8.694960963262350351e-01
1.579158316633266335e+00 2.861549152264005781e-03 4.465490198165312785e-01 8.666159484346473985e-01
1.587174348697394599e+00 2.328201586100382865e-03 4.335897157787729772e-01 8.634298377136071512e-01
1.595190380761522864e+00 1.863444532031461112e-03 4.208834061253265424e-01 8.599936385454090004e-01
1.603206412825651128e+00 1.462660640517967400e-03 4.084366046492594049e-01 8.563102180415832487e-01
1.611222444889779393e+00 1.121297556970157110e-03 3.962554913881199958e-01 8.523823848586691287e-01
1.619238476953907657e+00 8.406809817268048922e-04 3.843548802129772013e-01 8.481763980229620747e-01
1.627254509018035922e+00 6.172199672744842647e-04 3.727534179152028337e-01 8.436718649018437599e-01
1.635270541082164186e+00 4.360540825097654685e-04 3.614451430072901372e-01 8.389295918187753553e-01
1.643286573146292451e+00 2.929198456605860913e-04 3.504347074350547819e-01 8.339522047085382583e-01
1.651302605210420715e+00 1.836127510716152914e-04 3.397265000175429539e-01 8.287422773342117965e-01
1.659318637274548980e+00 1.065425216341979919e-04 3.293399168238740349e-01 8.232689557659139679e-01
1.667334669338677244e+00 5.742465408179965234e-05 3.192995829350883663e-01 8.175033759732914795e-01
1.675350701402805509e+00 2.613439678889050926e-05 3.095830861634898401e-01 8.115113557474734618e-01
1.683366733466933773e+00 8.731360537624526977e-06 3.001935741037158323e-01 8.052953064230859992e-01
1.691382765531062038e+00 1.328736473458637996e-06 2.911339880074469977e-01 7.988575926196174182e-01
1.699398797595190302e+00 9.238847618562421251e-08 2.824263269968227963e-01 7.921705002950719665e-01
1.707414829659318567e+00 3.405274678021453387e-08 2.740995009656405079e-01 7.851985534339227524e-01
1.715430861723446831e+00 2.197724872203622227e-07 2.660984524731793144e-01 7.780198894526172415e-01
1.723446893787575096e+00 6.636882559583088886e-07 2.584108482855579925e-01 7.706431848352124359e-01
1.731462925851703361e+00 1.473638090271790068e-06 2.510243536976640155e-01 7.630770617295875580e-01
1.739478957915831625e+00 2.812687181108007884e-06 2.439405502463556641e-01 7.553068964390297069e-01
1.747494989979959668e+00 4.955230071953104271e-06 2.371688821985760420e-01 7.473025316364880766e-01
1.755511022044087932e+00 7.884088328864683891e-06 2.306581779783506703e-01 7.391384318850188206e-01
1.763527054108216197e+00 1.170045113756766806e-05 2.243976675410695731e-01 7.308222731845396281e-01
1.771543086172344461e+00 1.650417697668706888e-05 2.183769057083777276e-01 7.223615368174360896e-01
1.779559118236472726e+00 2.248813751314536686e-05 2.125947816967756476e-01 7.137464106348412329e-01
1.787575150300600990e+00 3.004834025266406774e-05 2.070609467420257976e-01 7.049442295129757508e-01
1.795591182364729255e+00 3.898996110817618812e-05 2.017324419134944313e-01 6.960236172167760804e-01
1.803607214428857519e+00 4.940675415179368130e-05 1.966001494338619759e-01 6.869912351269237272e-01
1.811623246492985784e+00 6.139126046493809249e-05 1.916552253238501813e-01 6.778535771138267663e-01
1.819639278557114048e+00 7.514872054755038363e-05 1.868946397830135997e-01 6.686048042213600384e-01
1.827655310621242313e+00 9.122704735874793101e-05 1.823267452936446209e-01 6.592112170164678986e-01
1.835671342685370577e+00 1.092429672538734948e-04 1.779166835682891301e-01 6.497354190555870712e-01
1.843687374749498842e+00 1.292834095197350737e-04 1.736567393109994528e-01 6.401831920383889152e-01
1.851703406813627106e+00 1.514341966511600240e-04 1.695394283499177535e-01 6.305601733118384455e-01
1.859719438877755371e+00 1.758962992310004764e-04 1.655604984115480183e-01 6.208637258325866437e-01
1.867735470941883635e+00 2.033983524719634880e-04 1.617257042362994224e-01 6.110604409163384876e-01
1.875751503006011900e+00 2.333583157898164672e-04 1.580081807642376990e-01 6.012067384849589802e-01
1.883767535070140164e+00 2.658568462951087772e-04 1.544014055522509588e-01 5.913076359243850666e-01
1.891783567134268429e+00 3.009735902520956877e-04 1.508990515219641171e-01 5.813680260327990235e-01
1.899799599198396693e+00 3.388893614171998659e-04 1.474962705364899485e-01 5.713877638866480257e-01
1.907815631262524958e+00 3.819525678096675754e-04 1.441963913883090587e-01 5.613351719687724728e-01
1.915831663326653223e+00 4.342883208677060622e-04 1.409848939699954173e-01 5.512611935439233335e-01
1.923847695390781487e+00 5.002365109175859479e-04 1.378600456950442865e-01 5.411709118277482355e-01
1.931863727454909752e+00 5.841193372084255934e-04 1.348201854279659495e-01 5.310692903062870229e-01
1.939879759519038016e+00 6.907930557269920157e-04 1.318644499640308221e-01 5.209588129189482997e-01
1.947895791583166281e+00 8.352556022353024509e-04 1.290022565087367012e-01 5.108124663729894932e-01
1.955911823647294323e+00 1.014550639835210769e-03 1.262202340284239444e-01 5.006734858999742910e-01
1.963927855711422588e+00 1.232753697508818559e-03 1.235168639501548205e-01 4.905462802616933349e-01
1.971943887775550852e+00 1.493890778822735792e-03 1.208906610876260557e-01 4.804351491362131577e-01
1.979959919839679117e+00 1.802304853545798075e-03 1.183404222816388934e-01 4.703436864014065577e-01
1.987975951903807381e+00 2.181419141358891586e-03 1.158765515244917638e-01 4.602497260069923768e-01
1.995991983967935646e+00 2.619389047199874830e-03 1.134855335660936992e-01 4.501884121112397774e-01
2.004008016032063910e+00 3.120012620233778532e-03 1.111660085329054665e-01 4.401635587132921579e-01
2.012024048096192175e+00 3.687042446692974894e-03 1.089166459311278617e-01 4.301788853612059649e-01
2.020040080160320439e+00 4.324186328091015122e-03 1.067361439114315191e-01 4.202380195244380667e-01
2.028056112224448704e+00 5.062828599203216678e-03 1.046351100676767565e-01 4.103259455391414234e-01
2.036072144288576968e+00 5.883423897658188705e-03 1.026006121643344149e-01 4.004683196376364607e-01
2.044088176352705233e+00 6.788983249153925092e-03 1.006311846446582559e-01 3.906688596273547587e-01
2.052104208416833497e+00 7.783006579219003788e-03 9.872563334678682856e-02 3.809307772658158675e-01
2.060120240480961762e+00 8.868952657961769528e-03 9.688278938669085683e-02 3.712572044974773444e-01
2.068136272545090026e+00 1.008421123166561989e-02 9.511271972916038320e-02 3.616409930015160867e-01
2.076152304609218291e+00 1.140418132156978230e-02 9.340376949946221918e-02 3.520984156081327088e-01
2.084168336673346555e+00 1.283009529381233353e-02 9.175411728748048001e-02 3.426330867112705736e-01
2.092184368737474820e+00 1.436521935252078018e-02 9.016268935998571210e-02 3.332477729602887351e-01
2.100200400801603084e+00 1.601265325147438814e-02 8.862840437785887704e-02 3.239451676904681610e-01
2.108216432865731349e+00 1.781009843938807097e-02 8.715966502150741813e-02 3.147248346805268659e-01
2.116232464929859614e+00 1.971054943553146935e-02 8.574171404277476649e-02 3.055948147489556121e-01
2.124248496993987878e+00 2.169761377136251654e-02 8.436894935678138085e-02 2.965575849766701744e-01
2.132264529058116143e+00 2.375926924779175539e-02 8.303708200494316904e-02 2.876150569025329173e-01
2.140280561122244407e+00 2.588363099689497057e-02 8.174194368998698168e-02 2.787690925203886727e-01
2.148296593186372672e+00 2.807070474958260273e-02 8.048211278762794352e-02 2.700238974702346972e-01
2.156312625250500936e+00 3.028879760012559083e-02 7.924839293521000749e-02 2.613820620541197903e-01
2.164328657314629201e+00 3.252379778106961883e-02 7.803636169449108817e-02 2.528450792255776958e-01
2.172344689378757465e+00 3.476444326939102936e-02 7.684237268548209376e-02 2.444145748235354576e-01
2.180360721442885730e+00 3.699959887855261420e-02 7.566288305968700556e-02 2.360921317887072490e-01
2.188376753507013994e+00 3.921156527281859094e-02 7.449170031998678110e-02 2.278864180078583601e-01
2.196392785571142259e+00 4.138487533251005573e-02 7.332481550685643334e-02 2.197960167225018191e-01
2.204408817635270523e+00 4.350935667902101206e-02 7.215937399365439375e-02 2.118210225623161636e-01
2.212424849699398788e+00 4.557445314059237890e-02 7.099228583130202941e-02 2.039628103199022657e-01
2.220440881763527052e+00 4.756972578198628149e-02 6.982054992431922791e-02 1.962227176573765053e-01
2.228456913827655317e+00 4.946195559503851341e-02 6.863399536843195481e-02 1.886131808314532310e-01
2.236472945891783581e+00 5.124795815629730467e-02 6.743240709473710681e-02 1.811299571724807600e-01
2.244488977955911846e+00 5.292309236240300141e-02 6.621484663414850536e-02 1.737713611470452502e-01
2.252505010020040110e+00 5.447745805931197144e-02 6.497870630977586881e-02 1.665385467602304159e-01
2.260521042084167931e+00 5.590126353830097983e-02 6.372145470038274861e-02 1.594326358991580983e-01
2.268537074148296195e+00 5.714786815684422955e-02 6.242966448435530863e-02 1.524691893408098020e-01
2.276553106212424460e+00 5.822259106271965301e-02 6.110566171770119570e-02 1.456422270861580104e-01
2.284569138276552724e+00 5.912785098930624372e-02 5.975073630510218531e-02 1.389479313107187808e-01
2.292585170340680989e+00 5.985435803441405828e-02 5.836269888539139666e-02 1.323872617005814600e-01
2.300601202404809253e+00 6.039337535353150183e-02 5.693957855948815483e-02 1.259611692806856253e-01
2.308617234468937518e+00 6.069196868274474160e-02 5.546706872819164719e-02 1.196879564871494855e-01
2.316633266533065783e+00 6.078454456666881889e-02 5.395700081673162479e-02 1.135619244061372157e-01
2.324649298597194047e+00 6.069995161971731418e-02 5.241902200791279109e-02 1.075775382144887743e-01
2.332665330661322312e+00 6.044717828884053207e-02 5.085699352697078957e-02 1.017363112752701776e-01
2.340681362725450576e+00 6.003511718681418113e-02 4.927467492145218980e-02 9.603971801179722600e-02
2.348697394789578841e+00 5.944254084491025492e-02 4.766896171886986222e-02 9.050971544018930615e-02
2.356713426853707105e+00 5.869877012609938521e-02 4.604928914317619332e-02 8.514047981827782552e-02
2.364729458917835370e+00 5.782937528100372954e-02 4.442315696768630445e-02 7.992312914575193383e-02
2.372745490981963634e+00 5.684281840136863606e-02 4.279388004606284046e-02 7.485894350149437104e-02
2.380761523046091899e+00 5.574747254334018465e-02 4.116468497206650368e-02 6.994916904804215907e-02
2.388777555110220163e+00 5.453278831580443686e-02 3.953623748403851945e-02 6.521791675608087924e-02
2.396793587174348428e+00 5.322006394568057353e-02 3.791495633037016144e-02 6.066012242953035261e-02
2.404809619238476692e+00 5.183051922402689971e-02 3.630588281262431272e-02 5.626319861850148651e-02
2.412825651302604957e+00 5.037212499282826828e-02 3.471185333031054365e-02 5.202821876579066113e-02
2.420841683366733221e+00 4.885276931596146954e-02 3.313562766472818999e-02 4.795622680009951205e-02
2.428857715430861486e+00 4.727116349063103379e-02 3.158096441472468124e-02 4.407286427931588618e-02
2.436873747494989750e+00 4.564313925574348119e-02 3.005242409671719794e-02 4.037486335911191770e-02
2.444889779559118015e+00 4.398453422255943490e-02 2.855230961040331264e-02 3.684560016866469945e-02
2.452905811623246279e+00 4.230286037344160172e-02 2.708303808172846452e-02 3.348596502050692203e-02
2.460921843687374544e+00 4.060555267769124649e-02 2.564696013298500832e-02 3.029682257545513596e-02
2.468937875751502808e+00 3.889921876995193484e-02 2.425030650649782210e-02 2.730476444455813209e-02
2.476953907815631073e+00 3.719668056259038680e-02 2.289682760176792176e-02 2.450927862446955832e-02
2.484969939879759337e+00 3.550740017591325071e-02 2.158583638709764621e-02 2.188939903802767512e-02
2.492985971943887602e+00 3.383846064741533044e-02 2.031938236176285273e-02 1.944585363158570640e-02
2.501002004008015867e+00 3.219660039753358821e-02 1.909933000654158441e-02 1.717899837024739265e-02
2.509018036072144131e+00 3.059337818438124731e-02 1.793305672633445022e-02 1.511375072779960228e-02
2.517034068136272396e+00 2.903144608357455941e-02 1.682005387751682804e-02 1.324111280754264493e-02
2.525050100200400660e+00 2.750645432134444027e-02 1.575349179453692031e-02 1.152734529276753551e-02
2.533066132264528925e+00 2.601866992745959992e-02 1.473224502589505144e-02 9.965038885042571196e-03
2.541082164328657189e+00 2.456835726250319873e-02 1.375521093208099434e-02 8.546917199070032389e-03
2.549098196392785454e+00 2.316047707698133326e-02 1.282588778535003610e-02 7.283017432010127461e-03
2.557114228456913718e+00 2.179657628452166818e-02 1.194382289706540957e-02 6.165851152482302797e-03
2.565130260521041983e+00 2.047140018679668647e-02 1.110237465999411310e-02 5.166501678059830932e-03
2.573146292585170247e+00 1.918519926540851461e-02 1.030053413436200944e-02 4.278272851455750155e-03
2.581162324649298512e+00 1.793822152908456508e-02 9.537312707478066628e-03 3.494588019302606249e-03
2.589178356713426776e+00 1.673537575338856359e-02 8.815542716518331642e-03 2.820203148671736239e-03
2.597194388777555041e+00 1.557916958150734783e-02 8.135565312547082817e-03 2.249781543825244128e-03
2.605210420841683305e+00 1.446338139432199084e-02 7.490960423891429402e-03 1.759773749343335062e-03
2.613226452905811570e+00 1.338824619739904104e-02 6.880823317683177828e-03 1.344128613795869155e-03
2.621242484969939834e+00 1.235399670449942831e-02 6.304267391702199005e-03 9.969025170212134166e-04
2.629258517034068099e+00 1.136540786454541194e-02 5.763538100142285431e-03 7.185514027240578767e-04
2.637274549098196363e+00 1.042609310707273869e-02 5.259624993471905506e-03 5.041980917375439662e-04
2.645290581162324628e+00 9.528804122472657109e-03 4.786360161883071972e-03 3.361679223613141254e-04
2.653306613226452892e+00 8.673761433271807639e-03 4.342932178105498101e-03 2.089937220547727532e-04
2.661322645290581157e+00 7.861183437331767040e-03 3.928545801233205952e-03 1.173051452399118154e-04
2.669338677354708977e+00 7.095632316455227628e-03 3.544932920611373363e-03 5.817872461189949268e-05
2.677354709418837242e+00 6.381967067708311722e-03 3.193598420339209803e-03 2.562029745375179692e-05
2.685370741482965506e+00 5.711855043453368565e-03 2.868654535938847117e-03 8.303075060786784255e-06
2.693386773547093771e+00 5.085503203670331367e-03 2.569373473378066142e-03 1.289126496753370636e-06
2.701402805611222036e+00 4.503006080428573893e-03 2.295091821569549342e-03 0.000000000000000000e+00
2.709418837675350300e+00 3.968228413333468006e-03 2.047279353035870442e-03 0.000000000000000000e+00
2.717434869739478565e+00 3.484435563531823338e-03 1.829166570307317989e-03 0.000000000000000000e+00
2.725450901803606829e+00 3.040280747607482670e-03 1.635992934340692881e-03 0.000000000000000000e+00
2.733466933867735094e+00 2.634101716963013068e-03 1.467907828124443868e-03 0.000000000000000000e+00
2.741482965931863358e+00 2.264251861560889582e-03 1.325054586768305157e-03 0.000000000000000000e+00
2.749498997995991623e+00 1.931653397265637243e-03 1.209617990971550983e-03 0.000000000000000000e+00
2.757515030060119887e+00 1.638823063844703585e-03 1.126031189525347016e-03 0.000000000000000000e+00
2.765531062124248152e+00 1.376089044838658222e-03 1.068526081707134746e-03 0.000000000000000000e+00
2.773547094188376416e+00 1.141875157051328634e-03 1.037214988120140676e-03 0.000000000000000000e+00
2.781563126252504681e+00 9.346198737749947727e-04 1.032205044264848746e-03 0.000000000000000000e+00
2.789579158316632945e+00 7.543307914802996990e-04 1.055499139362674936e-03 0.000000000000000000e+00
2.797595190380761210e+00 6.028686261939920606e-04 1.112618447189466560e-03 0.000000000000000000e+00
2.805611222444889474e+00 4.724103191716990378e-04 1.196761378357168041e-03 0.000000000000000000e+00
2.813627254509017739e+00 3.614606659913743251e-04 1.308007794292919551e-03 0.000000000000000000e+00
2.821643286573146003e+00 2.685382059713484529e-04 1.446433126754008338e-03 0.000000000000000000e+00
2.829659318637274268e+00 1.929667572273738307e-04 1.613784993524290017e-03 0.000000000000000000e+00
2.837675350701402532e+00 1.355366102187216201e-04 1.816783004107915813e-03 0.000000000000000000e+00
2.845691382765530797e+00 9.044144127122802357e-05 2.047569360996709907e-03 0.000000000000000000e+00
2.853707414829659061e+00 5.626228732007886615e-05 2.306195524491496708e-03 0.000000000000000000e+00
2.861723446893787326e+00 3.159308008030086410e-05 2.592709186915843379e-03 0.000000000000000000e+00
2.869739478957915590e+00 1.529702154824361013e-05 2.908535439460586264e-03 0.000000000000000000e+00
2.877755511022043855e+00 6.693854579153459569e-06 3.261692063242865869e-03 0.000000000000000000e+00
2.885771543086172120e+00 2.156406856490907369e-06 3.643245262939086553e-03 0.000000000000000000e+00
2.893787575150300384e+00 3.375410379975816121e-07 4.053221677924124904e-03 0.000000000000000000e+00
2.901803607214428649e+00 0.000000000000000000e+00 4.491348355162657138e-03 1.412821097839993286e-07
2.909819639278556913e+00 0.000000000000000000e+00 4.957950578152685479e-03 7.660262646535202613e-07
2.917835671342685178e+00 0.000000000000000000e+00 5.455819129667249801e-03 5.038067193843412719e-06
2.925851703406813442e+00 0.000000000000000000e+00 5.971126138494585803e-03 1.479164911582835200e-05
2.933867735470941707e+00 0.000000000000000000e+00 6.500159270380077847e-03 3.183084454778675824e-05
2.941883767535069971e+00 0.000000000000000000e+00 7.039285449973310509e-03 5.793006847436172897e-05
2.949899799599198236e+00 0.000000000000000000e+00 7.585071920223206317e-03 9.506431767487320632e-05
2.957915831663326500e+00 0.000000000000000000e+00 8.134484472684165232e-03 1.499718810267423831e-04
2.965931863727454765e+00 0.000000000000000000e+00 8.680277722867732818e-03 2.208501238045284794e-04
2.973947895791583029e+00 0.000000000000000000e+00 9.219172775200880354e-03 3.093383527052443903e-04
2.981963927855711294e+00 0.000000000000000000e+00 9.747961467065770907e-03 4.170489333415997491e-04
2.989979959919839558e+00 0.000000000000000000e+00 1.026346391530683598e-02 5.456487914567592114e-04
2.997995991983967823e+00 0.000000000000000000e+00 1.075703699869032769e-02 7.054237740124585628e-04
3.006012024048096087e+00 0.000000000000000000e+00 1.122817091903530011e-02 8.907987916857790451e-04
3.014028056112224352e+00 0.000000000000000000e+00 1.167397646103371725e-02 1.103262454807826635e-03
3.022044088176352616e+00 0.000000000000000000e+00 1.209162753221991633e-02 1.344278890890384000e-03
3.030060120240480881e+00 0.000000000000000000e+00 1.247835989967714665e-02 1.615288153599640482e-03
3.038076152304609145e+00 0.000000000000000000e+00 1.282011015550849238e-02 1.929523406101747978e-03
3.046092184368737410e+00 0.000000000000000000e+00 1.312231133032691101e-02 2.278543283074279790e-03
3.054108216432865675e+00 0.000000000000000000e+00 1.338273416720808622e-02 2.663354212935339655e-03
3.062124248496993939e+00 0.000000000000000000e+00 1.359889626236152581e-02 3.085284627306189402e-03
3.070140280561122204e+00 0.000000000000000000e+00 1.376837041378863730e-02 3.545641070377299458e-03
3.078156312625250024e+00 0.000000000000000000e+00 1.387254420134098262e-02 4.059985077719405894e-03
3.086172344689378289e+00 0.000000000000000000e+00 1.392136692664677419e-02 4.617915050770621428e-03
3.094188376753506553e+00 0.000000000000000000e+00 1.391374953311781335e-02 5.219625434252405174e-03
3.102204408817634818e+00 0.000000000000000000e+00 1.384807701944002108e-02 5.866002066276214053e-03
3.110220440881763082e+00 0.000000000000000000e+00 1.372345864096346547e-02 6.557523786289030411e-03
3.118236472945891347e+00 0.000000000000000000e+00 1.352733607558489690e-02 7.306057239054849183e-03
3.126252505010019611e+00 0.000000000000000000e+00 1.327983177111256331e-02 8.095909895161160566e-03
3.134268537074147876e+00 0.000000000000000000e+00 1.298681423461839173e-02 8.923086860182120189e-03
3.142284569138276140e+00 0.000000000000000000e+00 1.265201469327707079e-02 9.785396636274257265e-03
3.150300601202404405e+00 0.000000000000000000e+00 1.227909205333829745e-02 1.068068009287924565e-02
3.158316633266532669e+00 0.000000000000000000e+00 1.186257990798271315e-02 1.161640798352247227e-02
3.166332665330660934e+00 0.000000000000000000e+00 1.141623353218833813e-02 1.258095199915417253e-02
3.174348697394789198e+00 0.000000000000000000e+00 1.094530605699345696e-02 1.357041713752036444e-02
3.182364729458917463e+00 0.000000000000000000e+00 1.045313559252157402e-02 1.458278859870146445e-02
3.190380761523045727e+00 0.000000000000000000e+00 9.942995097656311468e-03 1.561608125151475041e-02
3.198396793587173992e+00 0.000000000000000000e+00 9.414311837561330915e-03 1.667460649217373733e-02
3.206412825651302256e+00 0.000000000000000000e+00 8.875733038866219504e-03 1.775009979267128460e-02
3.214428857715430521e+00 0.000000000000000000e+00 8.331479033595526676e-03 1.883902637120666093e-02
3.222444889779558785e+00 0.000000000000000000e+00 7.784531571768801492e-03 1.993953424019836995e-02
3.230460921843687050e+00 0.000000000000000000e+00 7.237813705103247550e-03 2.104979861972574792e-02
3.238476953907815314e+00 0.000000000000000000e+00 6.694973793863164338e-03 2.217134554134732663e-02
3.246492985971943579e+00 0.000000000000000000e+00 6.160721646947406316e-03 2.329861185122572911e-02
3.254509018036071843e+00 0.000000000000000000e+00 5.637857573730359687e-03 2.442866927915754091e-02
3.262525050100200108e+00 0.000000000000000000e+00 5.129040145563837534e-03 2.555981595301915626e-02
3.270541082164328373e+00 0.000000000000000000e+00 4.636875047893443055e-03 2.669037496191065811e-02
3.278557114228456637e+00 0.000000000000000000e+00 4.168602614378853766e-03 2.781944199568632883e-02
3.286573146292584902e+00 0.000000000000000000e+00 3.726083820958609946e-03 2.894352856448576330e-02
3.294589178356713166e+00 0.000000000000000000e+00 3.310339834228740157e-03 3.006054597981850859e-02
3.302605210420841431e+00 0.000000000000000000e+00 2.923343347257109474e-03 3.116891875152789579e-02
3.310621242484969695e+00 0.000000000000000000e+00 2.566437827420157101e-03 3.226707627808076545e-02
3.318637274549097960e+00 0.000000000000000000e+00 2.244627757174430267e-03 3.335185888219163730e-02
3.326653306613226224e+00 0.000000000000000000e+00 1.952763736036902805e-03 3.442109863513644757e-02
3.334669338677354489e+00 0.000000000000000000e+00 1.686884988584008314e-03 3.547367677138472952e-02
3.342685370741482753e+00 0.000000000000000000e+00 1.445728318711881396e-03 3.650805178067370593e-02
3.350701402805611018e+00 0.000000000000000000e+00 1.228052892737975217e-03 3.752270471753296754e-02
3.358717434869739282e+00 0.000000000000000000e+00 1.036593146646098409e-03 3.851255284773347221e-02
3.366733466933867547e+00 0.000000000000000000e+00 8.675968238782003550e-04 3.947641573839530404e-02
3.374749498997995811e+00 0.000000000000000000e+00 7.175734050236365867e-04 4.041453082913119832e-02
3.382765531062124076e+00 0.000000000000000000e+00 5.853805168846251987e-04 4.132548325121735561e-02
3.390781563126252340e+00 0.000000000000000000e+00 4.698960934609933680e-04 4.220787885995864325e-02
3.398797595190380605e+00 0.000000000000000000e+00 3.726032532608059326e-04 4.305506261768099474e-02
3.406813627254508869e+00 0.000000000000000000e+00 2.908006005003967165e-04 4.386627245944883097e-02
3.414829659318637134e+00 0.000000000000000000e+00 2.215801062686215638e-04 4.464331358239215924e-02
3.422845691382765398e+00 0.000000000000000000e+00 1.639096976629147496e-04 4.538488815875152405e-02
3.430861723446893663e+00 0.000000000000000000e+00 1.167757460958479375e-04 4.608971739920798144e-02
3.438877755511021928e+00 0.000000000000000000e+00 8.059692811657340813e-05 4.674988336926977350e-02
3.446893787575150192e+00 0.000000000000000000e+00 5.339973876669248237e-05 4.736450308411194188e-02
3.454909819639278457e+00 0.000000000000000000e+00 3.296300138253451114e-05 4.793714986969295488e-02
3.462925851703406721e+00 0.000000000000000000e+00 1.835538066158263129e-05 4.846663412231861506e-02
3.470941883767534986e+00 0.000000000000000000e+00 8.662295856109611416e-06 4.895178373212329820e-02
3.478957915831663250e+00 0.000000000000000000e+00 3.413328194458918632e-06 4.938371206233183042e-02
3.486973947895791515e+00 0.000000000000000000e+00 1.061595925714142443e-06 4.976090402226393539e-02
3.494989979959919335e+00 0.000000000000000000e+00 1.697833875575565589e-07 5.008889088202335416e-02
3.503006012024047600e+00 0.000000000000000000e+00 0.000000000000000000e+00 5.036683748401036415e-02
3.511022044088175864e+00 0.000000000000000000e+00 0.000000000000000000e+00 5.059435382958368810e-02
3.519038076152304129e+00 0.000000000000000000e+00 0.000000000000000000e+00 5.076444466758028851e-02
3.527054108216432393e+00 0.000000000000000000e+00 0.000000000000000000e+00 5.087801667576527520e-02
3.535070140280560658e+00 0.000000000000000000e+00 0.000000000000000000e+00 5.094418216829543766e-02
3.543086172344688922e+00 0.000000000000000000e+00 0.000000000000000000e+00 5.096387788597071811e-02
3.551102204408817187e+00 0.000000000000000000e+00 0.000000000000000000e+00 5.093802897900222282e-02
3.559118236472945451e+00 0.000000000000000000e+00 0.000000000000000000e+00 5.086114084702810650e-02
3.567134268537073716e+00 0.000000000000000000e+00 0.000000000000000000e+00 5.073290318701118712e-02
3.575150300601201980e+00 0.000000000000000000e+00 0.000000000000000000e+00 5.056236316104239376e-02
3.583166332665330245e+00 0.000000000000000000e+00 0.000000000000000000e+00 5.035039588969768970e-02
3.591182364729458509e+00 0.000000000000000000e+00 0.000000000000000000e+00 5.009786572638796898e-02
3.599198396793586774e+00 0.000000000000000000e+00 0.000000000000000000e+00 4.980025005373879543e-02
3.607214428857715038e+00 0.000000000000000000e+00 0.000000000000000000e+00 4.945620568821803426e-02
3.615230460921843303e+00 0.000000000000000000e+00 0.000000000000000000e+00 4.907464751354762705e-02
3.623246492985971567e+00 0.000000000000000000e+00 0.000000000000000000e+00 4.865639322315658266e-02
3.631262525050099832e+00 0.000000000000000000e+00 0.000000000000000000e+00 4.820225050336964662e-02
3.639278557114228096e+00 0.000000000000000000e+00 0.000000000000000000e+00 4.770857006174636372e-02
3.647294589178356361e+00 0.000000000000000000e+00 0.000000000000000000e+00 4.717315102623378942e-02
3.655310621242484626e+00 0.000000000000000000e+00 0.000000000000000000e+00 4.660471209527164427e-02
3.663326653306612890e+00 0.000000000000000000e+00 0.000000000000000000e+00 4.600401741237706427e-02
3.671342685370741155e+00 0.000000000000000000e+00 0.000000000000000000e+00 4.537182181604220571e-02
3.679358717434869419e+00 0.000000000000000000e+00 0.000000000000000000e+00 4.470525511712376138e-02
3.687374749498997684e+00 0.000000000000000000e+00 0.000000000000000000e+00 4.400142552727773909e-02
3.695390781563125948e+00 0.000000000000000000e+00 0.000000000000000000e+00 4.326879470625127899e-02
3.703406813627254213e+00 0.000000000000000000e+00 0.000000000000000000e+00 4.250807683551103416e-02
3.711422845691382477e+00 0.000000000000000000e+00 0.000000000000000000e+00 4.171997744047439144e-02
3.719438877755510742e+00 0.000000000000000000e+00 0.000000000000000000e+00 4.090231542581169305e-02
3.727454909819639006e+00 0.000000000000000000e+00 0.000000000000000000e+00 4.005166689663517549e-02
3.735470941883767271e+00 0.000000000000000000e+00 0.000000000000000000e+00 3.917617851782131261e-02
3.743486973947895535e+00 0.000000000000000000e+00 0.000000000000000000e+00 3.827651783129011609e-02
3.751503006012023800e+00 0.000000000000000000e+00 0.000000000000000000e+00 3.735334432321038567e-02
3.759519038076152064e+00 0.000000000000000000e+00 0.000000000000000000e+00 3.640507998345440116e-02
3.767535070140280329e+00 0.000000000000000000e+00 0.000000000000000000e+00 3.542792008611113375e-02
3.775551102204408593e+00 0.000000000000000000e+00 0.000000000000000000e+00 3.442964109496982755e-02
3.783567134268536858e+00 0.000000000000000000e+00 0.000000000000000000e+00 3.341086699136294746e-02
3.791583166332665122e+00 0.000000000000000000e+00 0.000000000000000000e+00 3.237221425651217593e-02
3.799599198396793387e+00 0.000000000000000000e+00 0.000000000000000000e+00 3.131262575860761788e-02
3.807615230460921651e+00 0.000000000000000000e+00 0.000000000000000000e+00 3.022806008338386682e-02
3.815631262525049916e+00 0.000000000000000000e+00 0.000000000000000000e+00 2.912587089844206542e-02
3.823647294589178181e+00 0.000000000000000000e+00 0.000000000000000000e+00 2.800664147977282442e-02
3.831663326653306445e+00 0.000000000000000000e+00 0.000000000000000000e+00 2.687094811789352694e-02
3.839679358717434710e+00 0.000000000000000000e+00 0.000000000000000000e+00 2.571817596636484515e-02
3.847695390781562974e+00 0.000000000000000000e+00 0.000000000000000000e+00 2.454418430882686006e-02
3.855711422845691239e+00 0.000000000000000000e+00 0.000000000000000000e+00 2.335585390175170736e-02
3.863727454909819503e+00 0.000000000000000000e+00 0.000000000000000000e+00 2.215372996536765088e-02
3.871743486973947768e+00 0.000000000000000000e+00 0.000000000000000000e+00 2.093835121139005565e-02
3.879759519038076032e+00 0.000000000000000000e+00 0.000000000000000000e+00 1.970946992257394115e-02
3.887775551102204297e+00 0.000000000000000000e+00 0.000000000000000000e+00 1.846297706361330407e-02
3.895791583166332561e+00 0.000000000000000000e+00 0.000000000000000000e+00 1.720523272150661226e-02
3.903807615230460382e+00 0.000000000000000000e+00 0.000000000000000000e+00 1.593674652107211070e-02
3.911823647294588646e+00 0.000000000000000000e+00 0.000000000000000000e+00 1.465802202092698729e-02
3.919839679358716911e+00 0.000000000000000000e+00 0.000000000000000000e+00 1.336910674639768364e-02
3.927855711422845175e+00 0.000000000000000000e+00 0.000000000000000000e+00 1.206604825506345409e-02
3.935871743486973440e+00 0.000000000000000000e+00 0.000000000000000000e+00 1.075464044606490484e-02
3.943887775551101704e+00 0.000000000000000000e+00 0.000000000000000000e+00 9.435359634922754063e-03
3.951903807615229969e+00 0.000000000000000000e+00 0.000000000000000000e+00 8.108676481382134232e-03
3.959919839679358233e+00 0.000000000000000000e+00 0.000000000000000000e+00 6.774864978371464806e-03
3.967935871743486498e+00 0.000000000000000000e+00 0.000000000000000000e+00 5.430248428670253306e-03
3.975951903807614762e+00 0.000000000000000000e+00 0.000000000000000000e+00 4.080011154996951613e-03
3.983967935871743027e+00 0.000000000000000000e+00 0.000000000000000000e+00 2.724598289124911029e-03
3.991983967935871291e+00 0.000000000000000000e+00 0.000000000000000000e+00 1.364449688109870950e-03
4.000000000000000000e+00 0.000000000000000000e+00 0.000000000000000000e+00 0.000000000000000000e+00
