0.000000000000000000e+00 0.000000000000000000e+00
1.000000000000000021e-02 2.414081566996348383e-07
2.000000000000000042e-02 9.586339992577968096e-07
2.999999999999999889e-02 2.141179586363371410e-06
4.000000000000000083e-02 3.778546976705246467e-06
5.000000000000000278e-02 5.860238228972306998e-06
5.999999999999999778e-02 8.375755401853437178e-06
7.000000000000000666e-02 1.131460055403752880e-05
8.000000000000000167e-02 1.466627574421346138e-05
8.999999999999999667e-02 1.842028303107012461e-05
1.000000000000000056e-01 2.256612447329640306e-05
1.100000000000000006e-01 2.708676815607494686e-05
1.199999999999999956e-01 3.193904627056346477e-05
1.300000000000000044e-01 3.707325703441342939e-05
1.400000000000000133e-01 4.243969866527629975e-05
1.499999999999999944e-01 4.798866938080354166e-05
1.600000000000000033e-01 5.367046739864666838e-05
1.700000000000000122e-01 5.943539093645709828e-05
1.799999999999999933e-01 6.523373821188631751e-05
1.900000000000000022e-01 7.101580744258582576e-05
2.000000000000000111e-01 7.673189684620704818e-05
2.099999999999999922e-01 8.233230464040148448e-05
2.200000000000000011e-01 8.776732904282058014e-05
2.300000000000000100e-01 9.298726827111583485e-05
2.399999999999999911e-01 9.794242054293869409e-05
2.500000000000000000e-01 1.025830840759406576e-04
2.600000000000000089e-01 1.068595570877731843e-04
2.700000000000000178e-01 1.107221377960876927e-04
2.800000000000000266e-01 1.141211244185357231e-04
2.899999999999999800e-01 1.170068151727687075e-04
2.999999999999999889e-01 1.193295082764381861e-04
3.099999999999999978e-01 1.210530651357816505e-04
3.200000000000000067e-01 1.221955999113815219e-04
3.300000000000000155e-01 1.227887899524061726e-04
3.400000000000000244e-01 1.228643126080240290e-04
3.500000000000000333e-01 1.224538452274035447e-04
3.599999999999999867e-01 1.215890651597131871e-04
3.699999999999999956e-01 1.203016497541213554e-04
3.800000000000000044e-01 1.186232763597964762e-04
3.900000000000000133e-01 1.165856223259070708e-04
4.000000000000000222e-01 1.142203650016214710e-04
4.100000000000000311e-01 1.115591817361082116e-04
4.199999999999999845e-01 1.086337498785356514e-04
4.299999999999999933e-01 1.054757467780722576e-04
4.400000000000000022e-01 1.021168497838865108e-04
4.500000000000000111e-01 9.858873624514681057e-05
4.600000000000000200e-01 9.492308351102159690e-05
4.700000000000000289e-01 9.115156893067933696e-05
4.799999999999999822e-01 8.730586985328841663e-05
4.899999999999999911e-01 8.341766362801728951e-05
5.000000000000000000e-01 7.951862760403440923e-05
5.100000000000000089e-01 7.564093675855290330e-05
5.200000000000000178e-01 7.181875658096440514e-05
5.300000000000000266e-01 6.808675018870522205e-05
5.400000000000000355e-01 6.447958069921174264e-05
5.500000000000000444e-01 6.103191122992027422e-05
5.600000000000000533e-01 5.777840489826716476e-05
5.700000000000000622e-01 5.475372482168871477e-05
5.799999999999999600e-01 5.199253411762130611e-05
5.899999999999999689e-01 4.952949590350121220e-05
5.999999999999999778e-01 4.739927329676477423e-05
6.099999999999999867e-01 4.563652941484836048e-05
6.199999999999999956e-01 4.427592737518827826e-05
6.300000000000000044e-01 4.335213029522084842e-05
6.400000000000000133e-01 4.289980129238243249e-05
6.500000000000000222e-01 4.295360348410934455e-05
6.600000000000000311e-01 4.354819998783792577e-05
6.700000000000000400e-01 4.471825392100449025e-05
6.800000000000000488e-01 4.649842840104538593e-05
6.900000000000000577e-01 4.892338654539694724e-05
7.000000000000000666e-01 5.202779147149550181e-05
7.099999999999999645e-01 5.584229510438863041e-05
7.199999999999999734e-01 6.038150459956929229e-05
7.299999999999999822e-01 6.565601592014162530e-05
7.399999999999999911e-01 7.167642502920979440e-05
7.500000000000000000e-01 7.845332788987795778e-05
7.600000000000000089e-01 8.599732046525032105e-05
7.700000000000000178e-01 9.431899871843104916e-05
7.800000000000000266e-01 1.034289586125242935e-04
7.900000000000000355e-01 1.133377961106342327e-04
8.000000000000000444e-01 1.240561071758650180e-04
8.100000000000000533e-01 1.355944877713208686e-04
8.200000000000000622e-01 1.479635338601059224e-04
8.300000000000000711e-01 1.611738414053243715e-04
8.399999999999999689e-01 1.752360063700802723e-04
8.499999999999999778e-01 1.901606247174779526e-04
8.599999999999999867e-01 2.059582924106216043e-04
8.699999999999999956e-01 2.226396054126153110e-04
8.800000000000000044e-01 2.402151596865632378e-04
8.900000000000000133e-01 2.586955511955696310e-04
9.000000000000000222e-01 2.780913759027385740e-04
9.100000000000000311e-01 2.984040052262196827e-04
9.200000000000000400e-01 3.195979124043437248e-04
9.300000000000000488e-01 3.416283461304872441e-04
9.400000000000000577e-01 3.644505550980264592e-04
9.500000000000000666e-01 3.880197880003375343e-04
9.599999999999999645e-01 4.122912935307966880e-04
9.699999999999999734e-01 4.372203203827807350e-04
9.799999999999999822e-01 4.627621172496656772e-04
9.899999999999999911e-01 4.888719328248276787e-04
1.000000000000000000e+00 5.155050158016431750e-04
1.010000000000000009e+00 5.426166148734887099e-04
1.020000000000000018e+00 5.701619787337400139e-04
1.030000000000000027e+00 5.980963560757739019e-04
1.040000000000000036e+00 6.263749955929664298e-04
1.050000000000000044e+00 6.549531459786938703e-04
1.060000000000000053e+00 6.837860559263328215e-04
1.070000000000000062e+00 7.128289741292592307e-04
1.080000000000000071e+00 7.420371492808496960e-04
1.090000000000000080e+00 7.713658300744804901e-04
1.100000000000000089e+00 8.007702652035274520e-04
1.110000000000000098e+00 8.302120349262054680e-04
1.120000000000000107e+00 8.596780457600812757e-04
1.130000000000000115e+00 8.891615357875595760e-04
1.140000000000000124e+00 9.186557430910449610e-04
1.150000000000000133e+00 9.481539057529423482e-04
1.159999999999999920e+00 9.776492618556560047e-04
1.169999999999999929e+00 1.007135049481591715e-03
1.179999999999999938e+00 1.036604506713154506e-03
1.189999999999999947e+00 1.066050871632747993e-03
1.199999999999999956e+00 1.095467382322777529e-03
1.209999999999999964e+00 1.124847276865648246e-03
1.219999999999999973e+00 1.154183793343764846e-03
1.229999999999999982e+00 1.183470169839531162e-03
1.239999999999999991e+00 1.212699644435353413e-03
1.250000000000000000e+00 1.241865455213635649e-03
1.260000000000000009e+00 1.270960840256782787e-03
1.270000000000000018e+00 1.299979037647199312e-03
1.280000000000000027e+00 1.328913285467290791e-03
1.290000000000000036e+00 1.357756821799461274e-03
1.300000000000000044e+00 1.386502884726115679e-03
1.310000000000000053e+00 1.415138882452962078e-03
1.320000000000000062e+00 1.443628903678917039e-03
1.330000000000000071e+00 1.471931207226201150e-03
1.340000000000000080e+00 1.500004051917034568e-03
1.350000000000000089e+00 1.527805696573636364e-03
1.360000000000000098e+00 1.555294400018227777e-03
1.370000000000000107e+00 1.582428421073028748e-03
1.380000000000000115e+00 1.609166018560258347e-03
1.390000000000000124e+00 1.635465451302137163e-03
1.400000000000000133e+00 1.661284978120885353e-03
1.409999999999999920e+00 1.686582857838722421e-03
1.419999999999999929e+00 1.711317349277869174e-03
1.429999999999999938e+00 1.735446711260544899e-03
1.439999999999999947e+00 1.758929202608970404e-03
1.449999999999999956e+00 1.781723082145365410e-03
1.459999999999999964e+00 1.803786608691950073e-03
1.469999999999999973e+00 1.825078041070943898e-03
1.479999999999999982e+00 1.845555638104567475e-03
1.489999999999999991e+00 1.865177658615040958e-03
1.500000000000000000e+00 1.883902361424583420e-03
1.510000000000000009e+00 1.901692075529798310e-03
1.520000000000000018e+00 1.918525410624812716e-03
1.530000000000000027e+00 1.934385046578138969e-03
1.540000000000000036e+00 1.949253663258287668e-03
1.550000000000000044e+00 1.963113940533769194e-03
1.560000000000000053e+00 1.975948558273095661e-03
1.570000000000000062e+00 1.987740196344776368e-03
1.580000000000000071e+00 1.998471534617323863e-03
1.590000000000000080e+00 2.008125252959247226e-03
1.600000000000000089e+00 2.016684031239058573e-03
1.610000000000000098e+00 2.024130549325269153e-03
1.620000000000000107e+00 2.030447487086388478e-03
1.630000000000000115e+00 2.035617524390928232e-03
1.640000000000000124e+00 2.039623341107400095e-03
1.650000000000000133e+00 2.042447617104314016e-03
1.660000000000000142e+00 2.044073032250180808e-03
1.669999999999999929e+00 2.044482266413511287e-03
1.679999999999999938e+00 2.043657999462816701e-03
1.689999999999999947e+00 2.041582911266608298e-03
1.699999999999999956e+00 2.038239681693396026e-03
1.709999999999999964e+00 2.033618371283970206e-03
1.719999999999999973e+00 2.027738563268231386e-03
1.729999999999999982e+00 2.020627221548360920e-03
1.739999999999999991e+00 2.012311310026537129e-03
1.750000000000000000e+00 2.002817792604941367e-03
1.760000000000000009e+00 1.992173633185753256e-03
1.770000000000000018e+00 1.980405795671152415e-03
1.780000000000000027e+00 1.967541243963319766e-03
1.790000000000000036e+00 1.953606941964434497e-03
1.800000000000000044e+00 1.938629853576677095e-03
1.810000000000000053e+00 1.922636942702226964e-03
1.820000000000000062e+00 1.905655173243264808e-03
1.830000000000000071e+00 1.887711509101970032e-03
1.840000000000000080e+00 1.868832914180523341e-03
1.850000000000000089e+00 1.849046352381104354e-03
1.860000000000000098e+00 1.828378787605893126e-03
1.870000000000000107e+00 1.806857183757069494e-03
1.880000000000000115e+00 1.784508504736813514e-03
1.890000000000000124e+00 1.761359714447305672e-03
1.900000000000000133e+00 1.737437776790725806e-03
1.910000000000000142e+00 1.712770623139789729e-03
1.919999999999999929e+00 1.687390054749361278e-03
1.929999999999999938e+00 1.661328840344840265e-03
1.939999999999999947e+00 1.634619748651625418e-03
1.949999999999999956e+00 1.607295548395117415e-03
1.959999999999999964e+00 1.579389008300714336e-03
1.969999999999999973e+00 1.550932897093816858e-03
1.979999999999999982e+00 1.521959983499824795e-03
1.989999999999999991e+00 1.492503036244137524e-03
2.000000000000000000e+00 1.462594824052154425e-03
2.010000000000000231e+00 1.432268115649274441e-03
2.020000000000000018e+00 1.401555679760899771e-03
2.030000000000000249e+00 1.370490285112426539e-03
2.040000000000000036e+00 1.339104700429257595e-03
2.049999999999999822e+00 1.307431694436790798e-03
2.060000000000000053e+00 1.275504035860424877e-03
2.069999999999999840e+00 1.243354493425562462e-03
2.080000000000000071e+00 1.211015835857599462e-03
2.089999999999999858e+00 1.178520831881938727e-03
2.100000000000000089e+00 1.145902250223976813e-03
2.109999999999999876e+00 1.113192137090059618e-03
2.120000000000000107e+00 1.080419648610298931e-03
2.129999999999999893e+00 1.047613218395755229e-03
2.140000000000000124e+00 1.014801280057483351e-03
2.149999999999999911e+00 9.820122672065433392e-04
2.160000000000000142e+00 9.492746134539913321e-04
2.169999999999999929e+00 9.166167524108867221e-04
2.180000000000000160e+00 8.840671176882848896e-04
2.189999999999999947e+00 8.516541428972464189e-04
2.200000000000000178e+00 8.194062616488258233e-04
2.209999999999999964e+00 7.873519075540840123e-04
2.220000000000000195e+00 7.555195142240754991e-04
2.229999999999999982e+00 7.239375152698615187e-04
2.240000000000000213e+00 6.926343443024961504e-04
2.250000000000000000e+00 6.616384349330405208e-04
2.260000000000000231e+00 6.309782207725491429e-04
2.270000000000000018e+00 6.006821354320828182e-04
2.280000000000000249e+00 5.707786125226962763e-04
2.290000000000000036e+00 5.412960856554499935e-04
2.300000000000000266e+00 5.122629884413992417e-04
2.310000000000000053e+00 4.837090418091733379e-04
2.319999999999999840e+00 4.556691159576755539e-04
2.330000000000000071e+00 4.281793684033781649e-04
2.339999999999999858e+00 4.012759566627575663e-04
2.350000000000000089e+00 3.749950382522846239e-04
2.359999999999999876e+00 3.493727706884357871e-04
2.370000000000000107e+00 3.244453114876821387e-04
2.379999999999999893e+00 3.002488181664995318e-04
2.390000000000000124e+00 2.768194482413598623e-04
2.399999999999999911e+00 2.541933592287384412e-04
2.410000000000000142e+00 2.324067086451071372e-04
2.419999999999999929e+00 2.114956540069415868e-04
2.430000000000000160e+00 1.914963528307134688e-04
2.439999999999999947e+00 1.724449626328983655e-04
2.450000000000000178e+00 1.543776409299681997e-04
2.459999999999999964e+00 1.373305452383982554e-04
2.470000000000000195e+00 1.213398330746606182e-04
2.479999999999999982e+00 1.064416619552304637e-04
2.490000000000000213e+00 9.267218939658008060e-05
2.500000000000000000e+00 8.006757291518444130e-05
2.510000000000000231e+00 6.864793532815598610e-05
2.520000000000000018e+00 5.836926065516942144e-05
2.530000000000000249e+00 4.917149821653738943e-05
2.540000000000000036e+00 4.099459733257436174e-05
2.550000000000000266e+00 3.377850732359320409e-05
2.560000000000000053e+00 2.746317750990818487e-05
2.569999999999999840e+00 2.198855721183255605e-05
2.580000000000000071e+00 1.729459574967975931e-05
2.589999999999999858e+00 1.332124244376382080e-05
2.600000000000000089e+00 1.000844661439798740e-05
2.609999999999999876e+00 7.296157581896177680e-06
2.620000000000000107e+00 5.124324666571752866e-06
2.629999999999999893e+00 3.432897188738523109e-06
2.640000000000000124e+00 2.161824468709946196e-06
2.649999999999999911e+00 1.251055826799748425e-06
2.660000000000000142e+00 6.405405833214584144e-07
2.669999999999999929e+00 2.702280585887432746e-07
2.680000000000000160e+00 8.006757291517964159e-08
2.689999999999999947e+00 1.000844661439745520e-08
2.700000000000000178e+00 0.000000000000000000e+00
2.709999999999999964e+00 0.000000000000000000e+00
2.720000000000000195e+00 0.000000000000000000e+00
2.729999999999999982e+00 0.000000000000000000e+00
2.740000000000000213e+00 0.000000000000000000e+00
2.750000000000000000e+00 0.000000000000000000e+00
2.760000000000000231e+00 0.000000000000000000e+00
2.770000000000000018e+00 0.000000000000000000e+00
2.780000000000000249e+00 0.000000000000000000e+00
2.790000000000000036e+00 0.000000000000000000e+00
2.800000000000000266e+00 0.000000000000000000e+00
2.810000000000000053e+00 0.000000000000000000e+00
2.819999999999999840e+00 0.000000000000000000e+00
2.830000000000000071e+00 0.000000000000000000e+00
2.839999999999999858e+00 0.000000000000000000e+00
2.850000000000000089e+00 0.000000000000000000e+00
2.859999999999999876e+00 0.000000000000000000e+00
2.870000000000000107e+00 0.000000000000000000e+00
2.879999999999999893e+00 0.000000000000000000e+00
2.890000000000000124e+00 0.000000000000000000e+00
2.899999999999999911e+00 0.000000000000000000e+00
2.910000000000000142e+00 4.497629572093928162e-09
2.919999999999999929e+00 3.598103657674902316e-08
2.930000000000000160e+00 1.214359984465306721e-07
2.939999999999999947e+00 2.878482926139921853e-07
2.950000000000000178e+00 5.622036965117110846e-07
2.959999999999999964e+00 9.714879875722237776e-07
2.970000000000000195e+00 1.542686943228129300e-06
2.979999999999999982e+00 2.302786340911937482e-06
2.990000000000000213e+00 3.278771958056279813e-06
3.000000000000000000e+00 4.497629572093628537e-06
3.010000000000000231e+00 5.986344960456655163e-06
3.020000000000000018e+00 7.771903900577790221e-06
3.030000000000000249e+00 9.881292169889753499e-06
3.040000000000000036e+00 1.234149554582491581e-05
3.050000000000000266e+00 1.517949980581606302e-05
3.060000000000000053e+00 1.842229072729549986e-05
3.070000000000000284e+00 2.209685408769607827e-05
3.080000000000000071e+00 2.623017566445004199e-05
3.089999999999999858e+00 3.084924123499008881e-05
3.100000000000000089e+00 3.598103657674902830e-05
3.109999999999999876e+00 4.164338346408159495e-05
3.120000000000000107e+00 4.781744765903402783e-05
3.129999999999999893e+00 5.447523092057412163e-05
3.140000000000000124e+00 6.158873500767087720e-05
3.149999999999999911e+00 6.912996167929195371e-05
3.160000000000000142e+00 7.707091269440648077e-05
3.169999999999999929e+00 8.538358981198204299e-05
3.180000000000000160e+00 9.403999479098778353e-05
3.189999999999999947e+00 1.030121293903913006e-04
3.200000000000000178e+00 1.122719953691616966e-04
3.209999999999999964e+00 1.217915944862665699e-04
3.220000000000000195e+00 1.315429285006751447e-04
3.229999999999999982e+00 1.414979991713548704e-04
3.240000000000000213e+00 1.516288082572749983e-04
3.250000000000000000e+00 1.619073575174030319e-04
3.260000000000000231e+00 1.723056487107082905e-04
3.270000000000000018e+00 1.827956835961580876e-04
3.280000000000000249e+00 1.933494639327217968e-04
3.290000000000000036e+00 2.039389914793668401e-04
3.300000000000000266e+00 2.145362679950625639e-04
3.310000000000000053e+00 2.251129711030779110e-04
3.320000000000000284e+00 2.356394818838905905e-04
3.330000000000000071e+00 2.460858572822777722e-04
3.339999999999999858e+00 2.564221542430182251e-04
3.350000000000000089e+00 2.666184297108906099e-04
3.359999999999999876e+00 2.766447406306722862e-04
3.370000000000000107e+00 2.864711439471424024e-04
3.379999999999999893e+00 2.960676966050784266e-04
3.390000000000000124e+00 3.054044555492593446e-04
3.399999999999999911e+00 3.144514777244623535e-04
3.410000000000000142e+00 3.231788200754668727e-04
3.419999999999999929e+00 3.315565395470502618e-04
3.430000000000000160e+00 3.395546930839913984e-04
3.439999999999999947e+00 3.471433376310677503e-04
3.450000000000000178e+00 3.542925301330585204e-04
3.459999999999999964e+00 3.609723275347411224e-04
3.470000000000000195e+00 3.671527867808944338e-04
3.479999999999999982e+00 3.728039648162961937e-04
3.490000000000000213e+00 3.778959185857250626e-04
3.500000000000000000e+00 3.823987050339588338e-04
3.510000000000000231e+00 3.862888242403960271e-04
3.520000000000000018e+00 3.895685488229136775e-04
3.530000000000000249e+00 3.922465945340093295e-04
3.540000000000000036e+00 3.943316771261798771e-04
3.550000000000000266e+00 3.958325123519227024e-04
3.560000000000000053e+00 3.967578159637349705e-04
3.570000000000000284e+00 3.971163037141140634e-04
3.580000000000000071e+00 3.969166913555568750e-04
3.589999999999999858e+00 3.961676946405609501e-04
3.600000000000000089e+00 3.948780293216233453e-04
3.609999999999999876e+00 3.930564111512413342e-04
3.620000000000000107e+00 3.907115558819119734e-04
3.629999999999999893e+00 3.878521792661326992e-04
3.640000000000000124e+00 3.844869970564005141e-04
3.649999999999999911e+00 3.806247250052129626e-04
3.660000000000000142e+00 3.762740788650667219e-04
3.669999999999999929e+00 3.714437743884597162e-04
3.680000000000000160e+00 3.661425273278884601e-04
3.689999999999999947e+00 3.603790534358507149e-04
3.700000000000000178e+00 3.541620684648432663e-04
3.709999999999999964e+00 3.475002881673637674e-04
3.720000000000000195e+00 3.404024282959088954e-04
3.729999999999999982e+00 3.328772046029765744e-04
3.740000000000000213e+00 3.249333328410632105e-04
3.750000000000000000e+00 3.165795287626667820e-04
3.760000000000000231e+00 3.078245081202837493e-04
3.770000000000000018e+00 2.986769866664123075e-04
3.780000000000000249e+00 2.891456801535484834e-04
3.790000000000000036e+00 2.792393043341906346e-04
3.800000000000000266e+00 2.689665749608349506e-04
3.810000000000000053e+00 2.583362077859796806e-04
3.820000000000000284e+00 2.473569185621210141e-04
3.830000000000000071e+00 2.360374230417571460e-04
3.839999999999999858e+00 2.243864369773847537e-04
3.850000000000000089e+00 2.124126761215006771e-04
3.859999999999999876e+00 2.001248562266030569e-04
3.870000000000000107e+00 1.875316930451880826e-04
3.879999999999999893e+00 1.746419023297540577e-04
3.890000000000000124e+00 1.614641998327970632e-04
3.899999999999999911e+00 1.480073013068154838e-04
3.910000000000000142e+00 1.342799225043053734e-04
3.919999999999999929e+00 1.202907791777651033e-04
3.930000000000000160e+00 1.060485870796907138e-04
3.939999999999999947e+00 9.156206196258064392e-05
3.950000000000000178e+00 7.683991957893081194e-05
3.959999999999999964e+00 6.189087568123980603e-05
3.970000000000000195e+00 4.672364602200346315e-05
3.979999999999999982e+00 3.134694635372034435e-05
3.990000000000000213e+00 1.576949242888633402e-05
4.000000000000000000e+00 0.000000000000000000e+00
