# Matter power spectrum P(k) at redshift z=0
# for k=1.05367e-05 to 105.476 h/Mpc,
# number of wavenumbers equal to 132
#    1:k (h/Mpc)              2:P (Mpc/h)^3        
       1.053673596371e-05       5.060808105865e+01 
       1.326496466208e-05       6.316248465081e+01 
       1.669960109965e-05       7.883121349293e+01 
       2.102355219117e-05       9.838674596675e+01 
       2.646708409965e-05       1.227931260729e+02 
       3.332008474914e-05       1.532533506945e+02 
       4.194750141383e-05       1.912685543023e+02 
       5.280877549114e-05       2.387115509474e+02 
       6.648230943153e-05       2.979184174557e+02 
       8.369626877812e-05       3.718021526383e+02 
       1.053673596371e-04       4.639932081605e+02 
       1.326496466208e-04       5.790124886435e+02 
       1.669960109965e-04       7.224825092372e+02 
       2.102355219117e-04       9.013818050704e+02 
       2.646708409965e-04       1.124345172810e+03 
       3.332008474914e-04       1.402006613066e+03 
       4.194750141383e-04       1.747370780748e+03 
       5.280877549114e-04       2.176181281044e+03 
       6.648230943153e-04       2.707229324107e+03 
       8.369626877812e-04       3.362512413122e+03 
       1.053673596371e-03       4.167096440251e+03 
       1.326496466208e-03       5.148454460450e+03 
       1.669960109965e-03       6.334887703479e+03 
       2.102355219117e-03       7.753437751700e+03 
       2.646708409965e-03       9.425404176624e+03 
       3.332008474914e-03       1.135984080357e+04 
       4.194750141383e-03       1.354451898593e+04 
       5.280877549114e-03       1.593443001160e+04 
       6.648230943153e-03       1.843710022862e+04 
       8.369626877812e-03       2.089791381736e+04 
       1.053673596371e-02       2.308854695649e+04 
       1.326496466208e-02       2.468819639644e+04 
       1.669960109962e-02       2.530915807754e+04 
       2.102355202030e-02       2.456742075395e+04 
       2.646695467386e-02       2.228406076253e+04 
       3.330224374738e-02       1.880394486257e+04 
       4.135596320779e-02       1.531735946925e+04 
       4.814365073042e-02       1.331302244794e+04 
       5.306670472349e-02       1.232122672712e+04 
       5.712683115337e-02       1.169862550633e+04 
       6.075211323596e-02       1.122636169474e+04 
       6.413338979608e-02       1.081288999073e+04 
       6.737167045857e-02       1.041218519687e+04 
       7.052752172046e-02       9.999676711643e+03 
       7.364072767811e-02       9.563656899876e+03 
       7.673932683540e-02       9.101189672129e+03 
       7.984423803672e-02       8.615994947807e+03 
       8.297183101645e-02       8.116763578130e+03 
       8.613544956543e-02       7.615406018688e+03 
       8.934636171780e-02       7.125585534815e+03 
       9.261437787379e-02       6.661003263094e+03 
       9.594826703267e-02       6.233872152849e+03 
       9.935604519347e-02       5.853506032990e+03 
       1.028451799312e-01       5.525463573261e+03 
       1.064227382963e-01       5.250952663993e+03 
       1.100954953450e-01       5.026463371665e+03 
       1.138700146629e-01       4.844025780739e+03 
       1.177527085547e-01       4.691655229422e+03 
       1.217498832190e-01       4.554512804881e+03 
       1.258677727047e-01       4.416643345362e+03 
       1.301125644413e-01       4.263457901675e+03 
       1.344904184695e-01       4.084569358201e+03 
       1.390074820529e-01       3.876358974627e+03 
       1.436699010599e-01       3.643084993924e+03 
       1.484838293072e-01       3.396217174661e+03 
       1.534554369336e-01       3.151724143928e+03 
       1.585909187897e-01       2.926075323538e+03 
       1.638965037813e-01       2.732211614617e+03 
       1.693784660713e-01       2.576182847427e+03 
       1.750431390264e-01       2.455731678109e+03 
       1.808969327795e-01       2.360679831278e+03 
       1.869463562733e-01       2.276257722109e+03 
       1.931980446425e-01       2.185999812023e+03 
       1.996587927967e-01       2.077833584581e+03 
       2.063355960823e-01       1.950300663300e+03 
       2.132356989277e-01       1.812034307947e+03 
       2.203666524431e-01       1.677287923934e+03 
       2.277363820377e-01       1.559296272177e+03 
       2.353532662697e-01       1.464583470002e+03 
       2.432262283630e-01       1.390633169783e+03 
       2.513648421297e-01       1.327469077288e+03 
       2.597794544632e-01       1.262800486108e+03 
       2.684813271321e-01       1.188945916138e+03 
       2.774828013683e-01       1.107353312416e+03 
       2.867974897405e-01       1.026885172521e+03 
       2.964405011404e-01       9.567288505399e+02 
       3.064287064602e-01       8.996002895694e+02 
       3.167810548881e-01       8.505663589391e+02 
       3.275189538917e-01       8.018436465160e+02 
       3.386667302257e-01       7.494859529017e+02 
       3.502521951526e-01       6.961634346355e+02 
       3.623073452076e-01       6.474748595691e+02 
       3.748692413180e-01       6.056422673080e+02 
       3.879811255521e-01       5.675611916742e+02 
       4.016938587649e-01       5.293077194079e+02 
       4.160677980513e-01       4.909026905610e+02 
       4.311752869293e-01       4.550210782370e+02 
       4.471040148684e-01       4.226118350800e+02 
       4.639616356584e-01       3.918868805166e+02 
       4.818822508901e-01       3.614652102850e+02 
       5.010357293130e-01       3.324804140430e+02 
       5.216414668512e-01       3.055325463807e+02 
       5.439893379097e-01       2.793108581959e+02 
       5.684727512704e-01       2.539185557680e+02 
       5.956430119263e-01       2.296217143627e+02 
       6.263031822375e-01       2.057835139743e+02 
       6.616797200552e-01       1.824499434376e+02 
       7.037582277056e-01       1.592114656742e+02 
       7.559926591020e-01       1.357695698866e+02 
       8.249241681955e-01       1.116159145796e+02 
       9.240060193123e-01       8.628610944658e+01 
       1.080694196785e+00       6.018993723430e+01 
       1.330092819727e+00       3.704474553741e+01 
       1.671716227213e+00       2.150411699948e+01 
       2.104513513578e+00       1.232162828138e+01 
       2.649425346685e+00       7.001721399950e+00 
       3.335428895492e+00       3.949007506139e+00 
       4.199056195767e+00       2.212171154757e+00 
       5.286298550403e+00       1.231572756142e+00 
       6.655055579433e+00       6.817785587262e-01 
       8.378218585851e+00       3.754693578131e-01 
       1.054755228329e+01       2.057902069561e-01 
       1.327858160167e+01       1.122935848609e-01 
       1.671674381092e+01       6.102240933211e-02 
       2.104513358602e+01       3.303215675831e-02 
       2.649425346604e+01       1.781417390986e-02 
       3.335428895492e+01       9.572210791813e-03 
       4.199056195767e+01       5.124613924600e-03 
       5.286298550403e+01       2.732815019925e-03 
       6.655055579433e+01       1.451018074373e-03 
       8.378218585851e+01       7.664235549000e-04 
       1.054755228329e+02       4.021521041125e-04 
