0.000000000000000000e+00 0.000000000000000000e+00
1.000000000000000021e-02 2.413375691665186273e-04
2.000000000000000042e-02 1.002005117220878009e-03
2.999999999999999889e-02 2.336984904995283423e-03
4.000000000000000083e-02 4.301259193321940039e-03
5.000000000000000278e-02 6.949810243033054460e-03
5.999999999999999778e-02 1.032131774529713997e-02
7.000000000000000666e-02 1.438925111262799594e-02
8.000000000000000167e-02 1.911077718787570004e-02
8.999999999999999667e-02 2.444306281389036287e-02
1.000000000000000056e-01 3.034327483352208463e-02
1.100000000000000006e-01 3.676858008962094471e-02
1.199999999999999956e-01 4.367614542503707453e-02
1.300000000000000044e-01 5.102313768262055349e-02
1.400000000000000133e-01 5.876672370522148525e-02
1.499999999999999944e-01 6.686407033568993186e-02
1.600000000000000033e-01 7.527234441687605249e-02
1.700000000000000122e-01 8.394871279162990918e-02
1.799999999999999933e-01 9.285034230280163337e-02
1.900000000000000022e-01 1.019222489099521206e-01
2.000000000000000111e-01 1.110608450394858365e-01
2.099999999999999922e-01 1.201503922345179554e-01
2.200000000000000011e-01 1.290751520381638595e-01
2.300000000000000100e-01 1.377193859935387787e-01
2.399999999999999911e-01 1.459673556437579289e-01
2.500000000000000000e-01 1.537033225319366370e-01
2.600000000000000089e-01 1.608115482011901465e-01
2.700000000000000178e-01 1.671762941946336456e-01
2.800000000000000266e-01 1.726818220553825167e-01
2.899999999999999800e-01 1.772123933265519202e-01
2.999999999999999889e-01 1.806522695512572108e-01
3.099999999999999978e-01 1.828857122726136042e-01
3.200000000000000067e-01 1.838325376986444659e-01
3.300000000000000155e-01 1.835547806970056761e-01
3.400000000000000244e-01 1.821500308002611812e-01
3.500000000000000333e-01 1.797158775409749276e-01
3.599999999999999867e-01 1.763499104517109450e-01
3.699999999999999956e-01 1.721497190650330966e-01
3.800000000000000044e-01 1.672128929135053288e-01
3.900000000000000133e-01 1.616370215296916713e-01
4.000000000000000222e-01 1.555196944461560427e-01
4.100000000000000311e-01 1.489585011954624727e-01
4.199999999999999845e-01 1.420510313101748523e-01
4.299999999999999933e-01 1.348948743228571001e-01
4.400000000000000022e-01 1.275876197660732458e-01
4.500000000000000111e-01 1.202181204393205638e-01
4.600000000000000200e-01 1.128402822098297231e-01
4.700000000000000289e-01 1.054992742117647486e-01
4.799999999999999822e-01 9.824026557928965120e-02
4.899999999999999911e-01 9.110842544656835851e-02
5.000000000000000000e-01 8.414892294776496473e-02
5.100000000000000089e-01 7.740692721704342527e-02
5.200000000000000178e-01 7.092760738856777880e-02
5.300000000000000266e-01 6.475613259650202236e-02
5.400000000000000355e-01 5.893767197501016686e-02
5.500000000000000444e-01 5.351739465825620934e-02
5.600000000000000533e-01 4.854046978040416765e-02
5.700000000000000622e-01 4.405206647561803884e-02
5.799999999999999600e-01 4.008882570799067457e-02
5.899999999999999689e-01 3.665327576132999116e-02
5.999999999999999778e-01 3.373941674937284280e-02
6.099999999999999867e-01 3.134124878585600738e-02
6.199999999999999956e-01 2.945277198451631134e-02
6.300000000000000044e-01 2.806798645909053952e-02
6.400000000000000133e-01 2.718089232331549407e-02
6.500000000000000222e-01 2.678548969092798410e-02
6.600000000000000311e-01 2.687577867566480136e-02
6.700000000000000400e-01 2.744575939126276190e-02
6.800000000000000488e-01 2.848943195145865054e-02
6.900000000000000577e-01 3.000079646998927291e-02
7.000000000000000666e-01 3.197385306059143811e-02
7.099999999999999645e-01 3.440455922181394344e-02
7.199999999999999734e-01 3.729670199145383030e-02
7.299999999999999822e-01 4.065602579212006934e-02
7.399999999999999911e-01 4.448827504642172137e-02
7.500000000000000000e-01 4.879919417696775008e-02
7.600000000000000089e-01 5.359452760636720242e-02
7.700000000000000178e-01 5.888001975722906983e-02
7.800000000000000266e-01 6.466141505216241314e-02
7.900000000000000355e-01 7.094445791377618216e-02
8.000000000000000444e-01 7.773489276467945852e-02
8.100000000000000533e-01 8.503846402748121980e-02
8.200000000000000622e-01 9.286091612479048518e-02
8.300000000000000711e-01 1.012079934792163016e-01
8.399999999999999689e-01 1.100808153637665154e-01
8.499999999999999778e-01 1.194620004530453361e-01
8.599999999999999867e-01 1.293295422720556198e-01
8.699999999999999956e-01 1.396614343458003615e-01
8.800000000000000044e-01 1.504356701992824730e-01
8.900000000000000133e-01 1.616302433575049491e-01
9.000000000000000222e-01 1.732231473454707571e-01
9.100000000000000311e-01 1.851923756881828087e-01
9.200000000000000400e-01 1.975159219106441544e-01
9.300000000000000488e-01 2.101717795378577058e-01
9.400000000000000577e-01 2.231379420948264025e-01
9.500000000000000666e-01 2.363924031065532672e-01
9.599999999999999645e-01 2.499131560980411559e-01
9.699999999999999734e-01 2.636847385491369322e-01
9.799999999999999822e-01 2.777178637590629884e-01
9.899999999999999911e-01 2.920297889818849746e-01
1.000000000000000000e+00 3.066377714716692071e-01
1.010000000000000009e+00 3.215590684824815582e-01
1.020000000000000018e+00 3.368109372683880109e-01
1.030000000000000027e+00 3.524106350834547707e-01
1.040000000000000036e+00 3.683754191817475987e-01
1.050000000000000044e+00 3.847225468173327001e-01
1.060000000000000053e+00 4.014692752442760582e-01
1.070000000000000062e+00 4.186328617166436006e-01
1.080000000000000071e+00 4.362305634885015326e-01
1.090000000000000080e+00 4.542796378139156710e-01
1.100000000000000089e+00 4.727822589473892334e-01
1.110000000000000098e+00 4.916802691451732654e-01
1.120000000000000107e+00 5.109004276639560471e-01
1.130000000000000115e+00 5.303694937604259696e-01
1.140000000000000124e+00 5.500142266912707578e-01
1.150000000000000133e+00 5.697613857131792470e-01
1.159999999999999920e+00 5.895377300828388289e-01
1.169999999999999929e+00 6.092700190569387830e-01
1.179999999999999938e+00 6.288850118921667232e-01
1.189999999999999947e+00 6.483094678452109294e-01
1.199999999999999956e+00 6.674701461727597929e-01
1.209999999999999964e+00 6.862938061315013716e-01
1.219999999999999973e+00 7.047072069781240566e-01
1.229999999999999982e+00 7.226497920373469164e-01
1.239999999999999991e+00 7.401117409060150587e-01
1.250000000000000000e+00 7.570959172490042688e-01
1.260000000000000009e+00 7.736051847311903318e-01
1.270000000000000018e+00 7.896424070174495879e-01
1.280000000000000027e+00 8.052104477726576004e-01
1.290000000000000036e+00 8.203121706616904873e-01
1.300000000000000044e+00 8.349504393494241450e-01
1.310000000000000053e+00 8.491281175007345805e-01
1.320000000000000062e+00 8.628480687804974680e-01
1.330000000000000071e+00 8.761131568535891478e-01
1.340000000000000080e+00 8.889262453848855161e-01
1.350000000000000089e+00 9.012901980392622470e-01
1.360000000000000098e+00 9.131948674173187008e-01
1.370000000000000107e+00 9.245780618625469849e-01
1.380000000000000115e+00 9.353645786541628926e-01
1.390000000000000124e+00 9.454792150713818843e-01
1.400000000000000133e+00 9.548467683934195316e-01
1.409999999999999920e+00 9.633920358994909616e-01
1.419999999999999929e+00 9.710398148688121900e-01
1.429999999999999938e+00 9.777149025805991212e-01
1.439999999999999947e+00 9.833420963140662163e-01
1.449999999999999956e+00 9.878461933484298241e-01
1.459999999999999964e+00 9.911519909629050717e-01
1.469999999999999973e+00 9.931842864367076418e-01
1.479999999999999982e+00 9.938678770490532166e-01
1.489999999999999991e+00 9.931453647402579410e-01
1.500000000000000000e+00 9.910305700950431396e-01
1.510000000000000009e+00 9.875551183592298221e-01
1.520000000000000018e+00 9.827506347786401086e-01
1.530000000000000027e+00 9.766487445990956751e-01
1.540000000000000036e+00 9.692810730664180863e-01
1.550000000000000044e+00 9.606792454264290182e-01
1.560000000000000053e+00 9.508748869249504798e-01
1.570000000000000062e+00 9.398996228078038140e-01
1.580000000000000071e+00 9.277850783208106966e-01
1.590000000000000080e+00 9.145628787097931367e-01
1.600000000000000089e+00 9.002646492205725881e-01
1.610000000000000098e+00 8.849220150989710598e-01
1.620000000000000107e+00 8.685762200444774317e-01
1.630000000000000115e+00 8.513069815712521748e-01
1.640000000000000124e+00 8.332036356471219651e-01
1.650000000000000133e+00 8.143555182399150327e-01
1.660000000000000142e+00 7.948519653174583866e-01
1.669999999999999929e+00 7.747823128475799237e-01
1.679999999999999938e+00 7.542358967981066531e-01
1.689999999999999947e+00 7.333020531368661388e-01
1.699999999999999956e+00 7.120701178316862778e-01
1.709999999999999964e+00 6.906294268503938572e-01
1.719999999999999973e+00 6.690693161608169959e-01
1.729999999999999982e+00 6.474791217307828139e-01
1.739999999999999991e+00 6.259481795281188754e-01
1.750000000000000000e+00 6.045592682502419768e-01
1.760000000000000009e+00 5.833689375129266219e-01
1.770000000000000018e+00 5.624271796615361030e-01
1.780000000000000027e+00 5.417839870414338233e-01
1.790000000000000036e+00 5.214893519979838521e-01
1.800000000000000044e+00 5.015932668765492597e-01
1.810000000000000053e+00 4.821457240224938934e-01
1.820000000000000062e+00 4.631967157811812674e-01
1.830000000000000071e+00 4.447962344979748961e-01
1.840000000000000080e+00 4.269942725182384047e-01
1.850000000000000089e+00 4.098408221873353630e-01
1.860000000000000098e+00 3.933858758506291742e-01
1.870000000000000107e+00 3.776794258534836857e-01
1.880000000000000115e+00 3.627605709141494827e-01
1.890000000000000124e+00 3.486248352424261010e-01
1.900000000000000133e+00 3.352568494210003691e-01
1.910000000000000142e+00 3.226412440325591158e-01
1.919999999999999929e+00 3.107626496597892252e-01
1.929999999999999938e+00 2.996056968853769709e-01
1.939999999999999947e+00 2.891550162920094036e-01
1.949999999999999956e+00 2.793952384623733520e-01
1.959999999999999964e+00 2.703109939791553673e-01
1.969999999999999973e+00 2.618869134250423336e-01
1.979999999999999982e+00 2.541076273827211351e-01
1.989999999999999991e+00 2.469577664348782398e-01
2.000000000000000000e+00 2.404219611642007259e-01
2.010000000000000231e+00 2.344760933440694084e-01
2.020000000000000018e+00 2.290610495106431277e-01
2.030000000000000249e+00 2.241089673907744328e-01
2.040000000000000036e+00 2.195519847113165113e-01
2.049999999999999822e+00 2.153222391991220508e-01
2.060000000000000053e+00 2.113518685810438502e-01
2.069999999999999840e+00 2.075730105839349859e-01
2.080000000000000071e+00 2.039178029346480625e-01
2.089999999999999858e+00 2.003183833600362951e-01
2.100000000000000089e+00 1.967068895869522049e-01
2.109999999999999876e+00 1.930154593422490072e-01
2.120000000000000107e+00 1.891762303527792788e-01
2.129999999999999893e+00 1.851213403453961237e-01
2.140000000000000124e+00 1.807994850404165965e-01
2.149999999999999911e+00 1.762255921320160512e-01
2.160000000000000142e+00 1.714311473078334591e-01
2.169999999999999929e+00 1.664476362555087907e-01
2.180000000000000160e+00 1.613065446626809341e-01
2.189999999999999947e+00 1.560393582169898319e-01
2.200000000000000178e+00 1.506775626060744833e-01
2.209999999999999964e+00 1.452526435175746644e-01
2.220000000000000195e+00 1.397960866391294854e-01
2.229999999999999982e+00 1.343393776583787780e-01
2.240000000000000213e+00 1.289140022629614579e-01
2.250000000000000000e+00 1.235514461405175513e-01
2.260000000000000231e+00 1.182831949786858905e-01
2.270000000000000018e+00 1.131391970936204555e-01
2.280000000000000249e+00 1.081432513155301672e-01
2.290000000000000036e+00 1.033176191031388857e-01
2.300000000000000266e+00 9.868456191516949971e-02
2.310000000000000053e+00 9.426634121034593861e-02
2.319999999999999840e+00 9.008521844739131312e-02
2.330000000000000071e+00 8.616345508502888662e-02
2.339999999999999858e+00 8.252331258198236652e-02
2.350000000000000089e+00 7.918705239697487741e-02
2.359999999999999876e+00 7.617693598873007121e-02
2.370000000000000107e+00 7.351522481597108638e-02
2.379999999999999893e+00 7.122418033742158872e-02
2.390000000000000124e+00 6.932606401180473055e-02
2.399999999999999911e+00 6.782905865924275524e-02
2.410000000000000142e+00 6.668503254545220249e-02
2.419999999999999929e+00 6.583177529754850876e-02
2.430000000000000160e+00 6.520707654264687458e-02
2.439999999999999947e+00 6.474872590786275028e-02
2.450000000000000178e+00 6.439451302031136415e-02
2.459999999999999964e+00 6.408222750710811100e-02
2.470000000000000195e+00 6.374965899536826075e-02
2.479999999999999982e+00 6.333459711220720822e-02
2.490000000000000213e+00 6.277483148474020946e-02
2.500000000000000000e+00 6.200815174008264541e-02
2.510000000000000231e+00 6.097234750534977904e-02
2.520000000000000018e+00 5.960520840765704681e-02
2.530000000000000249e+00 5.786268494040566757e-02
2.540000000000000036e+00 5.577337106214137752e-02
2.550000000000000266e+00 5.338402159769557037e-02
2.560000000000000053e+00 5.074139137190006310e-02
2.569999999999999840e+00 4.789223520958633962e-02
2.580000000000000071e+00 4.488330793558588383e-02
2.589999999999999858e+00 4.176136437473054741e-02
2.600000000000000089e+00 3.857315935185165467e-02
2.609999999999999876e+00 3.536544769178107811e-02
2.620000000000000107e+00 3.218498421935014203e-02
2.629999999999999893e+00 2.907852375939072587e-02
2.640000000000000124e+00 2.609282113673415393e-02
2.649999999999999911e+00 2.327463117621228483e-02
2.660000000000000142e+00 2.066415763786583204e-02
2.669999999999999929e+00 1.827540002257346113e-02
2.680000000000000160e+00 1.611580676642273419e-02
2.689999999999999947e+00 1.419282630550164695e-02
2.700000000000000178e+00 1.251390707589780139e-02
2.709999999999999964e+00 1.108649751369914643e-02
2.720000000000000195e+00 9.918046054993344754e-03
2.729999999999999982e+00 9.016001135868282820e-03
2.740000000000000213e+00 8.387811192411670155e-03
2.750000000000000000e+00 8.040924660711355060e-03
2.760000000000000231e+00 7.982789976855090425e-03
2.770000000000000018e+00 8.220855576930675979e-03
2.780000000000000249e+00 8.762569897025916654e-03
2.790000000000000036e+00 9.606097767346666316e-03
2.800000000000000266e+00 1.071246959457133885e-02
2.810000000000000053e+00 1.203343217949630166e-02
2.819999999999999840e+00 1.352073232291804879e-02
2.830000000000000071e+00 1.512611682563311938e-02
2.839999999999999858e+00 1.680133248843781665e-02
2.850000000000000089e+00 1.849812611212875435e-02
2.859999999999999876e+00 2.016824449750224957e-02
2.870000000000000107e+00 2.176343444535487268e-02
2.879999999999999893e+00 2.323544275648297547e-02
2.890000000000000124e+00 2.453601623168311444e-02
2.899999999999999911e+00 2.561690167175164831e-02
2.910000000000000142e+00 2.642984587748512665e-02
2.919999999999999929e+00 2.693875730111278122e-02
2.930000000000000160e+00 2.715619100059533941e-02
2.939999999999999947e+00 2.710686368532634963e-02
2.950000000000000178e+00 2.681549206469934638e-02
2.959999999999999964e+00 2.630679284810789886e-02
2.970000000000000195e+00 2.560548274494552079e-02
2.979999999999999982e+00 2.473627846460580565e-02
2.990000000000000213e+00 2.372389671648224285e-02
3.000000000000000000e+00 2.259305420996843977e-02
3.010000000000000231e+00 2.136846765445787194e-02
3.020000000000000018e+00 2.007485375934418143e-02
3.030000000000000249e+00 1.873692923402079519e-02
3.040000000000000036e+00 1.737941078788138999e-02
3.050000000000000266e+00 1.602413747572239283e-02
3.060000000000000053e+00 1.468143773395249110e-02
3.070000000000000284e+00 1.335876234438313631e-02
3.080000000000000071e+00 1.206356208882602282e-02
3.089999999999999858e+00 1.080328774909265765e-02
3.100000000000000089e+00 9.585390106994566908e-03
3.109999999999999876e+00 8.417319944343427604e-03
3.120000000000000107e+00 7.306528042950708596e-03
3.129999999999999893e+00 6.260465184628080833e-03
3.140000000000000124e+00 5.286582151187024445e-03
3.149999999999999911e+00 4.392329724439199105e-03
3.160000000000000142e+00 3.585158686196097521e-03
3.169999999999999929e+00 2.872519818269363319e-03
3.180000000000000160e+00 2.259314631756682238e-03
3.189999999999999947e+00 1.740247554900555297e-03
3.200000000000000178e+00 1.307473745229558804e-03
3.209999999999999964e+00 9.531483602723538496e-04
3.220000000000000195e+00 6.694265575575315949e-04
3.229999999999999982e+00 4.484634946137402837e-04
3.240000000000000213e+00 2.824143289695820814e-04
3.250000000000000000e+00 1.634342181536948505e-04
3.260000000000000231e+00 8.367831969469008055e-05
3.270000000000000018e+00 3.530179112119776017e-05
3.280000000000000249e+00 1.045978996183591109e-05
3.290000000000000036e+00 1.307473745229488886e-06
3.300000000000000266e+00 6.409535871153015653e-49
3.310000000000000053e+00 7.318396226735885576e-09
3.320000000000000284e+00 5.854716981388708461e-08
3.330000000000000071e+00 1.975966981218601772e-07
3.339999999999999858e+00 4.683773585110656014e-07
3.350000000000000089e+00 9.147995283419371366e-07
3.359999999999999876e+00 1.580773584974846266e-06
3.370000000000000107e+00 2.510209905770266301e-06
3.379999999999999893e+00 3.747018868088524811e-06
3.390000000000000124e+00 5.335110849290145031e-06
3.399999999999999911e+00 7.318396226735400531e-06
3.410000000000000142e+00 9.740785377784877438e-06
3.419999999999999929e+00 1.264618867979877012e-05
3.430000000000000160e+00 1.607851651013775493e-05
3.439999999999999947e+00 2.005476982974007679e-05
3.450000000000000178e+00 2.448431193385721462e-05
3.459999999999999964e+00 2.924959670131805671e-05
3.470000000000000195e+00 3.423307801095228076e-05
3.479999999999999982e+00 3.931720974158873778e-05
3.490000000000000213e+00 4.438444577205713260e-05
3.500000000000000000e+00 4.931723998118629250e-05
3.510000000000000231e+00 5.399804624780595280e-05
3.520000000000000018e+00 5.830931845074494079e-05
3.530000000000000249e+00 6.213351046883291724e-05
3.540000000000000036e+00 6.535307618089883819e-05
3.550000000000000266e+00 6.785046946577222890e-05
3.560000000000000053e+00 6.950814420228218092e-05
3.570000000000000284e+00 7.024311737376944757e-05
3.580000000000000071e+00 7.011065838162020935e-05
3.589999999999999858e+00 6.920059973173205104e-05
3.600000000000000089e+00 6.760277393000247608e-05
3.609999999999999876e+00 6.540701348232920475e-05
3.620000000000000107e+00 6.270315089460961851e-05
3.629999999999999893e+00 5.958101867274152576e-05
3.640000000000000124e+00 5.613044932262224019e-05
3.649999999999999911e+00 5.244127535014963794e-05
3.660000000000000142e+00 4.860332926122097174e-05
3.669999999999999929e+00 4.470644356173416516e-05
3.680000000000000160e+00 4.084045075758643026e-05
3.689999999999999947e+00 3.709518335467569739e-05
3.700000000000000178e+00 3.354491944799785011e-05
3.709999999999999964e+00 3.020171948894392208e-05
3.720000000000000195e+00 2.706208951800295439e-05
3.729999999999999982e+00 2.412253557566458104e-05
3.740000000000000213e+00 2.137956370241788040e-05
3.750000000000000000e+00 1.882967993875245597e-05
3.760000000000000231e+00 1.646939032515743015e-05
3.770000000000000018e+00 1.429520090212234548e-05
3.780000000000000249e+00 1.230361771013637178e-05
3.790000000000000036e+00 1.049114678968902787e-05
3.800000000000000266e+00 8.854294181269502210e-06
3.810000000000000053e+00 7.389565925367292441e-06
3.820000000000000284e+00 6.093468062471609052e-06
3.830000000000000071e+00 4.961170630027934733e-06
3.839999999999999858e+00 3.982499653305624626e-06
3.850000000000000089e+00 3.145945154530078221e-06
3.859999999999999876e+00 2.439997155926800887e-06
3.870000000000000107e+00 1.853145679721162041e-06
3.879999999999999893e+00 1.373880748138644607e-06
3.890000000000000124e+00 9.906923834046387572e-07
3.899999999999999911e+00 6.920706077446097307e-07
3.910000000000000142e+00 4.665054433839626287e-07
3.919999999999999929e+00 3.024869125481494565e-07
3.930000000000000160e+00 1.885050374625871204e-07
3.939999999999999947e+00 1.130498403527177394e-07
3.950000000000000178e+00 6.461134344396597530e-08
3.959999999999999964e+00 3.308100784331102077e-08
3.970000000000000195e+00 1.395605018389652607e-08
3.979999999999999982e+00 4.135125980413877596e-09
3.990000000000000213e+00 5.168907475517001647e-10
4.000000000000000000e+00 0.000000000000000000e+00
