0.000000000000000000e+00 0.000000000000000000e+00 0.000000000000000000e+00 0.000000000000000000e+00
8.016032064128255849e-03 4.630873908817142504e-04 1.530760134878134216e-05 8.594475906404291975e-05
1.603206412825651170e-02 1.662173248630900886e-03 9.972902278731041626e-05 2.993614428085476374e-04
2.404809619238476581e-02 3.636568998190813171e-03 2.996462964023945824e-04 6.383626554647115446e-04
3.206412825651302340e-02 6.425586064504705888e-03 6.614414542808415938e-04 1.101061001263731924e-03
4.008016032064128098e-02 1.006853587251583214e-02 1.231496528509458746e-03 1.685569084436806765e-03
4.809619238476953162e-02 1.491097390762920367e-02 2.165260210785119408e-03 2.426680965525490792e-03
5.611222444889778921e-02 2.073661655790929106e-02 3.449185273914153957e-03 3.285559627400062854e-03
6.412825651302604679e-02 2.757265920560134434e-02 5.125979925659661894e-03 4.258735817747117888e-03
7.214428857715429744e-02 3.545841327564860923e-02 7.242026198108447547e-03 5.344322140797852852e-03
8.016032064128256196e-02 4.443319019299436096e-02 9.843706123347329556e-03 6.540431200783468173e-03
8.817635270541081260e-02 5.490048936559099174e-02 1.316545561603287701e-02 7.876911526073343203e-03
9.619238476953906325e-02 6.660442685411981090e-02 1.712576169898283318e-02 9.321154494865414170e-03
1.042084168336673278e-01 7.953762410103687452e-02 2.174003323660973069e-02 1.086718674294402144e-02
1.122244488977955784e-01 9.368946489972471148e-02 2.700457843116640597e-02 1.250936408077647603e-02
1.202404809619238429e-01 1.090202729979517227e-01 3.288656034555963864e-02 1.423985570202634943e-02
1.282565130260520936e-01 1.257705599005694008e-01 3.947672149773856498e-02 1.606770822000122209e-02
1.362725450901803581e-01 1.435817094122693038e-01 4.656447009006001864e-02 1.796025589157062771e-02
1.442885771543085949e-01 1.623554592769804739e-01 5.408033913776755935e-02 1.990555180930142151e-02
1.523046092184368594e-01 1.820374486449535534e-01 6.197676410675801578e-02 2.189466022751487481e-02
1.603206412825651239e-01 2.025733166664388796e-01 7.020618046292817493e-02 2.391864540053223118e-02
1.683366733466933607e-01 2.241006719416173132e-01 7.877479640642265357e-02 2.597104069343947677e-02
1.763527054108216252e-01 2.463612117424336945e-01 8.754878532288816462e-02 2.803286620456877515e-02
1.843687374749498897e-01 2.692592632502345817e-01 9.646644936208291499e-02 3.009400243324595811e-02
1.923847695390781265e-01 2.927404656152702844e-01 1.054802239899036570e-01 3.214551363379226229e-02
2.004008016032063910e-01 3.167504579877915560e-01 1.145425446722472401e-01 3.417846406052894165e-02
2.084168336673346555e-01 3.413325576830707475e-01 1.235826202671533869e-01 3.617228939399232818e-02
2.164328657314629201e-01 3.663115522007811542e-01 1.325283193921594771e-01 3.811886444663337148e-02
2.244488977955911568e-01 3.916029697794491393e-01 1.413332483072378964e-01 4.001131268820878190e-02
2.324649298597194214e-01 4.171524495693253454e-01 1.499498424782854944e-01 4.184069837303979605e-02
2.404809619238476859e-01 4.429056307206600818e-01 1.583305373711990094e-01 4.359808575544767834e-02
2.484969939879759226e-01 4.688201508835798115e-01 1.663350774776128360e-01 4.525022839509092176e-02
2.565130260521041872e-01 4.947866645459619295e-01 1.739379566955560064e-01 4.679702469119558644e-02
2.645290581162324517e-01 5.207405126232746984e-01 1.811156203709147205e-01 4.823625664762108689e-02
2.725450901803607162e-01 5.466273342657688161e-01 1.878205039695856615e-01 4.955898851868866667e-02
2.805611222444889807e-01 5.723927686236947032e-01 1.940050429574656510e-01 5.075628455871960404e-02
2.885771543086171897e-01 5.979173853017947238e-01 1.994670524354831553e-01 5.178363177016643421e-02
2.965931863727454543e-01 6.231404825366261280e-01 2.042125816307600039e-01 5.264612101168657937e-02
3.046092184368737188e-01 6.480331926642042273e-01 2.082624654772899930e-01 5.335038488124245470e-02
3.126252505010019833e-01 6.725644093213438701e-01 2.116133797550353302e-01 5.389625170417458588e-02
3.206412825651302478e-01 6.967131479324008003e-01 2.142812563586203589e-01 5.428736447034430285e-02
3.286573146292585124e-01 7.203689725697642876e-01 2.161568618133750674e-01 5.449854861528802968e-02
3.366733466933867214e-01 7.435531468549018141e-01 2.173588894232818536e-01 5.455630550890829683e-02
3.446893787575149859e-01 7.662929935622871946e-01 2.179825235285332286e-01 5.448197630106794281e-02
3.527054108216432504e-01 7.885729733817243847e-01 2.180540553259450176e-01 5.428125617456668744e-02
3.607214428857715149e-01 8.103775470030182282e-01 2.175997760123332403e-01 5.395984031220422278e-02
3.687374749498997795e-01 8.315825582941492877e-01 2.165513420569911973e-01 5.350150200101536080e-02
3.767535070140280440e-01 8.522065557923497181e-01 2.149966874163301844e-01 5.292589894581421761e-02
3.847695390781562530e-01 8.722932975607370354e-01 2.130208658341504746e-01 5.225226811005370675e-02
3.927855711422845175e-01 8.918272442891159724e-01 2.106501685072679209e-01 5.148630467653349946e-02
4.008016032064127820e-01 9.107928566672904847e-01 2.079108866324984040e-01 5.063370382805330167e-02
4.088176352705410466e-01 9.290547200317351706e-01 2.047714016810289750e-01 4.968628449597011637e-02
4.168336673346693111e-01 9.466237444896422604e-01 2.012972181458393406e-01 4.865866513436203911e-02
4.248496993987975756e-01 9.635625850656757141e-01 1.975590942322676680e-01 4.756707631309578521e-02
4.328657314629258401e-01 9.798557024496400425e-01 1.935833211371298934e-01 4.641721321497106756e-02
4.408817635270540491e-01 9.954875573313395343e-01 1.893961900572420365e-01 4.521477102278761290e-02
4.488977955911823137e-01 1.010313938188643901e+00 1.849986425236144483e-01 4.395871210504834897e-02
4.569138276553105782e-01 1.024333193352901628e+00 1.804420834499353976e-01 4.266042007944779307e-02
4.649298597194388427e-01 1.037629336483225417e+00 1.757788105610110785e-01 4.133221691509027934e-02
4.729458917835671072e-01 1.050186828269419337e+00 1.710351150536573439e-01 3.997979779477552065e-02
4.809619238476953718e-01 1.061990129401287231e+00 1.662372881246900747e-01 3.860885790130320905e-02
4.889779559118235808e-01 1.072888693170997110e+00 1.614146664228737760e-01 3.722460083314615281e-02
4.969939879759518453e-01 1.082863382788249451e+00 1.566128851667444033e-01 3.583697978596753209e-02
5.050100200400801098e-01 1.092030089963897055e+00 1.518595363954866329e-01 3.445361664762473797e-02
5.130260521042083743e-01 1.100399253555657042e+00 1.471742045379402508e-01 3.308056358377094858e-02
5.210420841683366389e-01 1.107989563551501799e+00 1.425743438336127544e-01 3.172398614419151552e-02
5.290581162324649034e-01 1.114712931082615821e+00 1.380963963817730400e-01 3.039533845227751496e-02
5.370741482965931679e-01 1.120598009960372066e+00 1.337704343385156258e-01 2.910591234694994214e-02
5.450901803607214324e-01 1.125797867946290776e+00 1.295944468627505952e-01 2.785776640343836166e-02
5.531062124248496970e-01 1.130336029674978038e+00 1.255846400361735893e-01 2.665713260754303676e-02
5.611222444889779615e-01 1.134236019781040605e+00 1.217572199404801103e-01 2.551024294506422721e-02
5.691382765531061150e-01 1.137439279294223171e+00 1.181607056985569948e-01 2.443341354550593314e-02
5.771543086172343795e-01 1.139961053994945406e+00 1.148324648451276575e-01 2.344030599018559133e-02
5.851703406813626440e-01 1.141938289777120863e+00 1.117511141368553867e-01 2.252574710582340087e-02
5.931863727454909085e-01 1.143394511275355629e+00 1.089328596554357403e-01 2.169596887821962153e-02
6.012024048096191731e-01 1.144353243124255792e+00 1.063939074825643316e-01 2.095720329317450961e-02
6.092184368737474376e-01 1.144781729577336815e+00 1.041922864646751407e-01 2.032964124102968478e-02
6.172344689378757021e-01 1.144689261733645491e+00 1.023777941152618914e-01 1.983128853604966199e-02
6.252505010020039666e-01 1.144192936944697037e+00 1.009071074886703501e-01 1.944875301116993568e-02
6.332665330661322312e-01 1.143316279845098649e+00 9.979643266659612988e-02 1.918826665219078645e-02
6.412825651302604957e-01 1.142082815069456414e+00 9.906197573073485807e-02 1.905606144491246365e-02
6.492985971943887602e-01 1.140481863420266473e+00 9.876870795099708389e-02 1.907521579523890898e-02
6.573146292585170247e-01 1.138524214664780487e+00 9.898399141978797555e-02 1.927005424093228281e-02
6.653306613226452892e-01 1.136303390937328350e+00 9.963999618906524414e-02 1.961797837586811560e-02
6.733466933867734427e-01 1.133842916872516593e+00 1.007529283405244891e-01 2.012522018584666367e-02
6.813627254509017073e-01 1.131166317104951302e+00 1.023389939558612960e-01 2.079801165666821106e-02
6.893787575150299718e-01 1.128281262311320976e+00 1.044675394283924308e-01 2.166133146452373093e-02
6.973947895791582363e-01 1.125207494276660558e+00 1.072286260295754606e-01 2.274779736122357551e-02
7.054108216432865008e-01 1.122004198411870268e+00 1.105227618348267465e-01 2.402365352802376258e-02
7.134268537074147654e-01 1.118671814682417498e+00 1.143510985582959910e-01 2.549196883791021023e-02
7.214428857715430299e-01 1.115205676287231773e+00 1.187114576025764812e-01 2.715511242333654499e-02
7.294589178356712944e-01 1.111583835829040412e+00 1.236461418117551503e-01 2.903291394762878841e-02
7.374749498997995589e-01 1.107770059861062251e+00 1.292258441675867009e-01 3.115834111618227820e-02
7.454909819639278235e-01 1.103790472942792089e+00 1.353201058148898461e-01 3.348617891247146483e-02
7.535070140280560880e-01 1.099637021132089387e+00 1.419245392761439850e-01 3.601833235533162536e-02
7.615230460921843525e-01 1.095301650486814049e+00 1.490347570738284333e-01 3.875670646359802990e-02
7.695390781563125060e-01 1.090760803767279130e+00 1.566841467102588203e-01 4.171934303004994765e-02
7.775551102204407705e-01 1.085965837779259147e+00 1.649527175379200405e-01 4.494648236941098385e-02
7.855711422845690350e-01 1.080956896672107925e+00 1.737096096726719607e-01 4.838742472637406339e-02
7.935871743486972996e-01 1.075725926503684482e+00 1.829504356369939244e-01 5.204407511977446332e-02
8.016032064128255641e-01 1.070264873331848055e+00 1.926708079533651918e-01 5.591833856844743988e-02
8.096192384769538286e-01 1.064549845946519691e+00 2.028958938282742208e-01 6.002616720946362533e-02
8.176352705410820931e-01 1.058517239661987297e+00 2.137136288930480688e-01 6.441567753719872058e-02
8.256513026052103577e-01 1.052222494089483318e+00 2.249934472805316665e-01 6.903038327240222649e-02
8.336673346693386222e-01 1.045657555286867435e+00 2.367309615132043576e-01 7.387218943390941317e-02
8.416833667334668867e-01 1.038814369311999108e+00 2.489217841135455134e-01 7.894300104055555767e-02
8.496993987975951512e-01 1.031669986856428523e+00 2.615835570381598862e-01 8.425637878854043417e-02
8.577154308617234157e-01 1.024143289998911799e+00 2.748107521053292923e-01 8.986891892221614275e-02
8.657314629258516803e-01 1.016306289684584030e+00 2.884737925108274426e-01 9.571804685322662931e-02
8.737474949899798338e-01 1.008150931971304454e+00 3.025682907771335972e-01 1.018056676004070321e-01
8.817635270541080983e-01 9.996691629169325299e-01 3.170898594267273496e-01 1.081336861825927947e-01
8.897795591182363628e-01 9.908402509866707231e-01 3.320493102122739071e-01 1.147129700699509591e-01
8.977955911823646273e-01 9.815630132796983043e-01 3.475462610471218294e-01 1.216091988271337937e-01
9.058116232464928919e-01 9.719299760177262382e-01 3.634480859399716324e-01 1.287510268207424369e-01
9.138276553106211564e-01 9.619419726939554272e-01 3.797346306412901495e-01 1.361324280404777876e-01
9.218436873747494209e-01 9.516010880347197665e-01 3.963835211489623589e-01 1.437462598922289170e-01
9.298597194388776854e-01 9.409023940768659333e-01 4.133775956094662973e-01 1.515894096207013320e-01
9.378757515030059499e-01 9.297531696189164085e-01 4.307650932024157941e-01 1.597095097097268601e-01
9.458917835671342145e-01 9.182633895161894655e-01 4.484187376425767257e-01 1.680300168983428488e-01
9.539078156312624790e-01 9.064361505218174742e-01 4.663143595397168939e-01 1.765428854731787567e-01
9.619238476953907435e-01 8.942745493889333597e-01 4.844277895036040449e-01 1.852400697208640978e-01
9.699398797595190080e-01 8.817784276720799230e-01 5.027364255686643801e-01 1.941151600897474960e-01
9.779559118236471615e-01 8.688515346751204405e-01 5.212524841635107764e-01 2.032067691928037545e-01
9.859719438877754261e-01 8.556026052303354890e-01 5.398901518659621201e-01 2.124506704362841836e-01
9.939879759519036906e-01 8.420347360908582157e-01 5.586252592857858801e-01 2.218388181068181864e-01
1.002004008016031955e+00 8.281510240098214348e-01 5.774336370327499690e-01 2.313631664910351660e-01
1.010020040080160220e+00 8.139545657403580714e-01 5.962911157166220777e-01 2.410156698755647753e-01
1.018036072144288484e+00 7.993496334742360432e-01 6.151660997671283271e-01 2.508222136670665292e-01
1.026052104208416749e+00 7.844401602128890927e-01 6.340181990587320238e-01 2.607333207060089642e-01
1.034068136272545013e+00 7.692302664538023249e-01 6.528232003281013718e-01 2.707405592128385718e-01
1.042084168336673278e+00 7.537230489501085540e-01 6.715569341850041729e-01 2.808358834741848109e-01
1.050100200400801542e+00 7.379216044549405940e-01 6.901952312392082289e-01 2.910112477766770289e-01
1.058116232464929807e+00 7.217400030689888890e-01 7.086618104618722658e-01 3.012761764039574852e-01
1.066132264529058071e+00 7.052685915165756159e-01 7.269587496694903672e-01 3.115983009789594083e-01
1.074148296593186336e+00 6.885152786633750299e-01 7.450640531152671331e-01 3.219684420626821031e-01
1.082164328657314600e+00 6.714831612625202784e-01 7.629535514089706982e-01 3.323785539417550838e-01
1.090180360721442865e+00 6.541753360671437312e-01 7.806030751603686424e-01 3.428205909028078091e-01
1.098196392785571129e+00 6.365151805121042061e-01 7.978954866963464676e-01 3.532889906749189235e-01
1.106212424849699394e+00 6.185871731125813788e-01 8.148686575863680615e-01 3.637676914755501034e-01
1.114228456913827658e+00 6.004252521944919430e-01 8.315099567297771221e-01 3.742539353186595807e-01
1.122244488977955923e+00 5.820568978093981771e-01 8.477987741529533494e-01 3.847459993190925354e-01
1.130260521042083965e+00 5.635115458884163431e-01 8.637147853969771027e-01 3.952426677704277691e-01
1.138276553106212230e+00 5.447925846415546669e-01 8.791142176938885333e-01 4.057430277215495762e-01
1.146292585170340494e+00 5.259785189246061199e-01 8.940629201182540564e-01 4.162444930815745181e-01
1.154308617234468759e+00 5.071046165065064004e-01 9.085579209923241306e-01 4.267457241402128898e-01
1.162324649298597024e+00 4.882003133183714927e-01 9.225788958571794485e-01 4.372455051910437707e-01
1.170340681362725288e+00 4.692950452913169923e-01 9.361055202539005915e-01 4.477426205276462401e-01
1.178356713426853553e+00 4.504412091147189101e-01 9.489667611046331830e-01 4.582341690989154559e-01
1.186372745490981817e+00 4.316764158786920436e-01 9.612435465794934020e-01 4.687191818212871341e-01
1.194388777555110082e+00 4.130278186384830352e-01 9.729450862150761381e-01 4.791966900771413296e-01
1.202404809619238346e+00 3.945248533252076473e-01 9.840510555524620839e-01 4.896654781600571771e-01
1.210420841683366611e+00 3.761969558699815863e-01 9.945411301327321540e-01 5.001243303636137005e-01
1.218436873747494875e+00 3.581408683237475299e-01 1.004220236284401713e+00 5.105685501238728108e-01
1.226452905811623140e+00 3.403626342465428944e-01 1.013177941840608165e+00 5.209984001902782103e-01
1.234468937875751404e+00 3.228766288621252589e-01 1.021438857268554878e+00 5.314134756250351588e-01
1.242484969939879669e+00 3.057122881016100524e-01 1.028982658109323323e+00 5.418125607217230133e-01
1.250501002004007933e+00 2.888990478961130370e-01 1.035789019903994079e+00 5.521944397739205757e-01
1.258517034068136198e+00 2.725733325403429941e-01 1.041642048103716967e+00 5.625528132920122326e-01
1.266533066132264462e+00 2.567189442998614735e-01 1.046633510772121189e+00 5.728887906841383382e-01
1.274549098196392727e+00 2.413328174491357336e-01 1.050806639023283973e+00 5.832027232794851912e-01
1.282565130260520991e+00 2.264443879192813980e-01 1.054141108398286564e+00 5.934933953716318156e-01
1.290581162324649256e+00 2.120830916414141176e-01 1.056616594438209544e+00 6.037595912541571241e-01
1.298597194388777520e+00 1.984203720362082701e-01 1.057999601433101455e+00 6.139936010989242021e-01
1.306613226452905785e+00 1.854152937058341777e-01 1.058389661068428023e+00 6.241952834948315543e-01
1.314629258517034049e+00 1.730023466980157298e-01 1.057892799911345882e+00 6.343600960376758469e-01
1.322645290581162314e+00 1.611700535670273216e-01 1.056530230547975124e+00 6.444808974127284040e-01
1.330661322645290578e+00 1.499044290419428715e-01 1.054325711617984052e+00 6.545501830893397655e-01
1.338677354709418621e+00 1.393071028478819195e-01 1.051133062619761915e+00 6.645445176063704551e-01
1.346693386773546885e+00 1.292948586035050085e-01 1.047080418573246074e+00 6.744582319600140874e-01
1.354709418837675150e+00 1.197936188173855943e-01 1.042280389050671108e+00 6.842905610971854458e-01
1.362725450901803415e+00 1.107893982185975956e-01 1.036756732691705318e+00 6.940340004872351809e-01
1.370741482965931679e+00 1.022682115362149174e-01 1.030533208136017675e+00 7.036810455995133884e-01
1.378757515030059944e+00 9.430751149030715264e-02 1.023503103246850898e+00 7.132000130006459493e-01
1.386773547094188208e+00 8.684529597595644357e-02 1.015761722189434169e+00 7.225871663836989089e-01
1.394789579158316473e+00 7.981045023036462127e-02 1.007415037025856108e+00 7.318480559709494848e-01
1.402805611222444737e+00 7.318898898260559061e-02 9.984868063957855755e-01 7.409751772317479945e-01
1.410821643286573002e+00 6.696692696175327031e-02 9.890007889388907625e-01 7.499610256354450888e-01
1.418837675350701266e+00 6.119975537129104803e-02 9.788859771383723318e-01 7.587668586129697745e-01
1.426853707414829531e+00 5.584225540579510622e-02 9.682123717945445573e-01 7.673884948811838802e-01
1.434869739478957795e+00 5.082849051955943415e-02 9.570755437144536915e-01 7.758389887742654922e-01
1.442885771543086060e+00 4.614447544165792975e-02 9.454992515377681483e-01 7.841108357615650393e-01
1.450901803607214324e+00 4.177622490116451870e-02 9.335072539041564532e-01 7.921965313124328389e-01
1.458917835671342589e+00 3.775948407343993757e-02 9.210604841718780245e-01 8.000514625586404582e-01
1.466933867735470853e+00 3.406138647562730742e-02 9.082111672661293822e-01 8.076686255677678616e-01
1.474949899799599118e+00 3.062338926757633348e-02 8.950407089940159988e-01 8.150697676224326615e-01
1.482965931863727382e+00 2.743150717836092059e-02 8.815728679952057334e-01 8.222473841919851756e-01
1.490981963927855647e+00 2.447175493705497362e-02 8.678314029093672222e-01 8.291939707457758324e-01
1.498997995991983911e+00 2.176234717936012530e-02 8.538054242249210057e-01 8.358602329529565278e-01
1.507014028056112176e+00 1.928049909101774845e-02 8.395363733882439394e-01 8.422352344690440251e-01
1.515030060120240440e+00 1.698472088157621310e-02 8.250858836822922981e-01 8.483549732182468217e-01
1.523046092184368705e+00 1.486819955233123838e-02 8.104759372363212755e-01 8.542161541320929530e-01
1.531062124248496970e+00 1.292443072214402751e-02 7.957284397376582774e-01 8.598156632721521975e-01
1.539078156312625012e+00 1.117060914115383143e-02 7.808533742698707814e-01 8.651091036250435629e-01
1.547094188376753277e+00 9.599167831303032083e-03 7.658865565905337291e-01 8.700848437924454393e-01
1.555110220440881541e+00 8.174590295581299695e-03 7.508693768318270845e-01 8.747865180944863761e-01
1.563126252505009806e+00 6.890372152849832260e-03 7.358237406810781422e-01 8.792110125927361519e-01
1.571142284569138070e+00 5.740009021969832981e-03 7.207715538256141974e-01 8.833552133487642122e-01
1.579158316633266335e+00 4.733225274742875778e-03 7.057420546885952994e-01 8.871757233716148772e-01
1.587174348697394599e+00 3.864772326388632960e-03 6.907750583951051127e-01 8.906528683276970781e-01
1.595190380761522864e+00 3.104285664957161846e-03 6.758887003702219731e-01 8.938373254499838438e-01
1.603206412825651128e+00 2.445260909309662171e-03 6.611048863012733978e-01 8.967259808000445087e-01
1.611222444889779393e+00 1.881193678307332365e-03 6.464455218755864596e-01 8.993157204394494064e-01
1.619238476953907657e+00 1.415368362426203596e-03 6.319556306480212937e-01 9.015646406968435000e-01
1.627254509018035922e+00 1.042793976138971712e-03 6.176859675269562588e-01 9.034440377090137142e-01
1.635270541082164186e+00 7.392883895682163904e-04 6.036279430224750220e-01 9.050121249189542194e-01
1.643286573146292451e+00 4.983472215751367151e-04 5.898034628219049891e-01 9.062657883882340171e-01
1.651302605210420715e+00 3.134660910209314979e-04 5.762344326125735661e-01 9.072019141784229967e-01
1.659318637274548980e+00 1.825198040681724418e-04 5.629781908731475992e-01 9.077805852349456472e-01
1.667334669338677244e+00 9.871418041840478858e-05 5.501033727110858917e-01 9.079630815706117852e-01
1.675350701402805509e+00 4.507986927881930267e-05 5.375711935135849551e-01 9.078156461356132745e-01
1.683366733466933773e+00 1.511248951061371010e-05 5.254035589679719731e-01 9.073351649915194495e-01
1.691382765531062038e+00 2.307659974987177742e-06 5.136223747615741297e-01 9.065185241999003107e-01
1.699398797595190302e+00 1.609995331386484135e-07 5.022938240889718298e-01 9.053282866201360912e-01
1.707414829659318567e+00 5.954260458096838950e-08 4.915007929107817475e-01 9.037171600998037402e-01
1.715430861723446831e+00 3.855785961513520075e-07 4.811340942197444015e-01 9.017683582077506976e-01
1.723446893787575096e+00 1.168322457453596243e-06 4.711818675995611549e-01 8.994865316373351627e-01
1.731462925851703361e+00 2.602816449979955861e-06 4.616313956262271812e-01 8.968765281537882661e-01
1.739478957915831625e+00 4.984520633218702294e-06 4.525017871307205342e-01 8.939159446262386899e-01
1.747494989979959668e+00 8.810696218399968773e-06 4.438299870722797191e-01 8.905633674393793608e-01
1.755511022044087932e+00 1.406492875777457503e-05 4.355093237948462481e-01 8.869019084049610813e-01
1.763527054108216197e+00 2.094226051283471044e-05 4.275270798744152945e-01 8.829364152882149819e-01
1.771543086172344461e+00 2.963773374507262961e-05 4.198705378869819205e-01 8.786717358543723044e-01
1.779559118236472726e+00 4.051632852797393221e-05 4.125483700526808017e-01 8.740917713158409263e-01
1.787575150300600990e+00 5.431476389875917164e-05 4.055937151949622899e-01 8.691519069151639743e-01
1.795591182364729255e+00 7.070764756969137761e-05 3.989141444043997620e-01 8.639321512629635214e-01
1.803607214428857519e+00 8.989002180226278948e-05 3.924969402569881693e-01 8.584373521244699212e-01
1.811623246492985784e+00 1.120569288579656669e-04 3.863293853287225188e-01 8.526723572649143046e-01
1.819639278557114048e+00 1.376119710402840912e-04 3.804117298703207362e-01 8.466266042771743994e-01
1.827655310621242313e+00 1.675931207804266278e-04 3.747692772865917621e-01 8.402538131872628879e-01
1.835671342685370577e+00 2.013351101666697551e-04 3.693258560561670789e-01 8.336301214418624372e-01
1.843687374749498842e+00 2.390329814605058278e-04 3.640687487550418600e-01 8.267603768062040670e-01
1.851703406813627106e+00 2.808817769234269834e-04 3.589852379592110565e-01 8.196494270455185749e-01
1.859719438877755371e+00 3.272928233049171576e-04 3.540691665914020292e-01 8.122914781703439724e-01
1.867735470941883635e+00 3.796671419981703112e-04 3.493339733549297721e-01 8.046401209157808543e-01
1.875751503006011900e+00 4.369686916834777815e-04 3.447217587579102238e-01 7.967668536017633585e-01
1.883767535070140164e+00 4.993925146223318146e-04 3.402198053763384467e-01 7.886765239935227267e-01
1.891783567134268429e+00 5.671336530762246565e-04 3.358153957862095029e-01 7.803739798562898677e-01
1.899799599198396693e+00 6.405802604566411410e-04 3.314979802236869832e-01 7.718574276554547309e-01
1.907815631262524958e+00 7.242348182842314221e-04 3.272692801488778502e-01 7.630822005833469701e-01
1.915831663326653223e+00 8.260346317553737220e-04 3.231063120443902759e-01 7.541155661102632024e-01
1.923847695390781487e+00 9.544242096653112037e-04 3.190092314166029785e-01 7.449634070236768046e-01
1.931863727454909752e+00 1.117916691978451151e-03 3.149783008678214702e-01 7.356316147218950885e-01
1.939879759519038016e+00 1.326152547523186008e-03 3.110151147967261109e-01 7.261227957914356823e-01
1.947895791583166281e+00 1.608416331802901660e-03 3.071393833542591101e-01 7.163982742201737697e-01
1.955911823647294323e+00 1.959667003314442910e-03 3.033308471999738853e-01 7.065175683655919858e-01
1.963927855711422588e+00 2.388417702022236234e-03 2.995897689361757821e-01 6.964865696259971983e-01
1.971943887775550852e+00 2.903181567890681866e-03 2.959164111651702567e-01 6.863111693996967189e-01
1.979959919839679117e+00 3.513184671230182039e-03 2.923114908214791141e-01 6.759963974704400469e-01
1.987975951903807381e+00 4.265060913421924241e-03 2.887969825888357378e-01 6.655101642441958454e-01
1.995991983967935646e+00 5.136834305602950776e-03 2.853512400581609265e-01 6.549029784631216211e-01
2.004008016032063910e+00 6.137017987737673590e-03 2.819745258317603032e-01 6.441807315255245747e-01
2.012024048096192175e+00 7.274125099790493786e-03 2.786671025119391021e-01 6.333493148297119069e-01
2.020040080160320439e+00 8.556668781725829814e-03 2.754292327010028907e-01 6.224146197739907072e-01
2.028056112224448704e+00 1.004817926005469216e-02 2.722838446192837880e-01 6.113548946396226702e-01
2.036072144288576968e+00 1.171154723553426494e-02 2.692092573856278426e-01 6.002088203870624694e-01
2.044088176352705233e+00 1.355423576372498384e-02 2.662052688700329295e-01 5.889829167064692950e-01
2.052104208416833497e+00 1.558475798459126038e-02 2.632721416748043386e-01 5.776830749961503475e-01
2.060120240480961762e+00 1.781162703809749046e-02 2.604101384022475818e-01 5.663151866544128277e-01
2.068136272545090026e+00 2.031178206861455546e-02 2.576417362122796484e-01 5.548694893906644943e-01
2.076152304609218291e+00 2.303781649002175844e-02 2.549466659490509102e-01 5.433721181216243368e-01
2.084168336673346555e+00 2.599408172689754784e-02 2.523237648176700487e-01 5.318301491530412761e-01
2.092184368737474820e+00 2.918909091920634385e-02 2.497732954204423816e-01 5.202494738832224019e-01
2.100200400801603084e+00 3.263109514254847188e-02 2.472954637373639408e-01 5.086359772797967027e-01
2.108216432865731349e+00 3.639913539708806295e-02 2.449101026198118314e-01 4.969907088237270343e-01
2.116232464929859614e+00 4.039952434215387383e-02 2.425900803850956078e-01 4.853281748015458863e-01
2.124248496993987878e+00 4.460039095418522753e-02 2.403263693491631547e-01 4.736542954455794652e-01
2.132264529058116143e+00 4.897848617222134993e-02 2.381123694904138388e-01 4.619741827559439851e-01
2.140280561122244407e+00 5.351056093530147384e-02 2.359414807872467490e-01 4.502929487327556046e-01
2.148296593186372672e+00 5.819773776105737623e-02 2.338138521648349122e-01 4.386195908481329009e-01
2.156312625250500936e+00 6.297523278983281625e-02 2.317112343451731837e-01 4.269606320656378351e-01
2.164328657314629201e+00 6.781417149725391114e-02 2.296254582881876727e-01 4.153208987223294679e-01
2.172344689378757465e+00 7.269130482235988677e-02 2.275499239722775791e-01 4.037055028183240135e-01
2.180360721442885730e+00 7.758338370418996210e-02 2.254780313758421861e-01 3.921195563537377415e-01
2.188376753507013994e+00 8.245309318953357447e-02 2.233990256532986940e-01 3.805800734006790087e-01
2.196392785571142259e+00 8.726740737083193977e-02 2.213036571054430024e-01 3.690874640397871498e-01
2.204408817635270523e+00 9.200413124245603036e-02 2.191856608841559473e-01 3.576446508910541833e-01
2.212424849699398788e+00 9.664001574344512069e-02 2.170384369678367564e-01 3.462567459545961568e-01
2.220440881763527052e+00 1.011518118128383742e-01 2.148553853348845744e-01 3.349288612305291735e-01
2.228456913827655317e+00 1.054674500461411507e-01 2.126158929169372491e-01 3.236852175691510292e-01
2.236472945891783581e+00 1.095782964487756611e-01 2.103176184976391916e-01 3.125217318117798349e-01
2.244488977955911846e+00 1.134725185534160435e-01 2.079572469688021619e-01 3.014386130395395047e-01
2.252505010020040110e+00 1.171268672991014892e-01 2.055281783088253600e-01 2.904409732525462529e-01
2.260521042084167931e+00 1.205180936248710782e-01 2.030238124961082080e-01 2.795339244509167376e-01
2.268537074148296195e+00 1.235430566945043968e-01 2.004147237874848997e-01 2.687480844413357439e-01
2.276553106212424460e+00 1.262101483872883623e-01 1.977033883534959902e-01 2.580764964694025054e-01
2.284569138276552724e+00 1.285215817937582772e-01 1.948904863738605275e-01 2.475158462555721584e-01
2.292585170340680989e+00 1.304541078529533604e-01 1.919694178269777396e-01 2.370712457999608891e-01
2.300601202404809253e+00 1.319854667856317498e-01 1.889338913237305906e-01 2.267478414754458826e-01
2.308617234468937518e+00 1.329963412028850600e-01 1.857502118289425797e-01 2.165822277812588792e-01
2.316633266533065783e+00 1.335580721273380012e-01 1.824402068072225047e-01 2.065680455569396390e-01
2.324649298597194047e+00 1.337305682083869129e-01 1.790220660265165187e-01 1.966990360000185067e-01
2.332665330661322312e+00 1.335305473665127640e-01 1.755016582175676354e-01 1.869816997701563011e-01
2.340681362725450576e+00 1.329747275221966063e-01 1.718848521111187577e-01 1.774225375270139238e-01
2.348697394789578841e+00 1.320131443276072458e-01 1.681602631221149058e-01 1.680661544136622387e-01
2.356713426853707105e+00 1.307078909809482881e-01 1.643467531978448359e-01 1.589061559455786643e-01
2.364729458917835370e+00 1.291133792658407942e-01 1.604602036865565851e-01 1.499302053769242526e-01
2.372745490981963634e+00 1.272463271027656773e-01 1.565064833189930837e-01 1.411448033673597668e-01
2.380761523046091899e+00 1.251234524122039060e-01 1.524914608258972903e-01 1.325564505765460810e-01
2.388777555110220163e+00 1.227190882942776479e-01 1.484119023266123882e-01 1.242152595382340491e-01
2.396793587174348428e+00 1.200791757484550304e-01 1.442817571836468027e-01 1.161164361280612733e-01
2.404809619238476692e+00 1.172499813091393284e-01 1.401136686256306829e-01 1.082405358493487291e-01
2.412825651302604957e+00 1.142482228968115243e-01 1.359135053833070428e-01 1.005940593617572071e-01
2.420841683366733221e+00 1.110906184319525175e-01 1.316871361874187851e-01 9.318350732494752597e-02
2.428857715430861486e+00 1.077731500791949820e-01 1.274385481617875682e-01 8.606346985587920440e-02
2.436873747494989750e+00 1.043309034061569857e-01 1.231786374839808906e-01 7.923281280529251291e-02
2.444889779559118015e+00 1.007993513145813702e-01 1.189158795630913951e-01 7.266395411819710770e-02
2.452905811623246279e+00 9.719521172494909045e-02 1.146561431298620398e-01 6.636339445425373795e-02
2.460921843687374544e+00 9.353520255774108727e-02 1.104052969150357555e-01 6.033763447312327777e-02
2.468937875751502808e+00 8.983430665865801967e-02 1.061736193469929868e-01 5.464471206750291798e-02
2.476953907815631073e+00 8.612205093035291137e-02 1.019708128181996548e-01 4.928921267817754082e-02
2.484969939879759337e+00 8.242046625846562169e-02 9.780025521829120716e-02 4.423438688437444921e-02
2.492985971943887602e+00 7.874627056347710541e-02 9.366781527801056051e-02 3.948673534575446870e-02
2.501002004008015867e+00 7.511554503526911286e-02 8.957922485321156980e-02 3.505204514916879927e-02
2.509018036072144131e+00 7.155580443357231757e-02 8.554930272757901855e-02 3.098649071872352362e-02
2.517034068136272396e+00 6.807395178431430161e-02 8.158360986221023514e-02 2.727737602311574097e-02
2.525050100200400660e+00 6.466049322386378806e-02 7.767617908005126914e-02 2.386045746341389912e-02
2.533066132264528925e+00 6.131671232297610658e-02 7.382956126453248114e-02 2.072493869437323083e-02
2.541082164328657189e+00 5.804389265240657986e-02 7.004630729908434272e-02 1.786002337074902441e-02
2.549098196392785454e+00 5.485444719375914824e-02 6.633947565212677810e-02 1.529099204353514228e-02
2.557114228456913718e+00 5.175280042069532044e-02 6.271553717564246067e-02 1.300656734220364923e-02
2.565130260521041983e+00 4.872722374372821796e-02 5.916511557040717018e-02 1.094977449432439111e-02
2.573146292585170247e+00 4.577900073361316352e-02 5.569076171985132273e-02 9.109817154652630200e-03
2.581162324649298512e+00 4.290941496110547287e-02 5.229502650740529279e-02 7.475898977943611426e-03
2.589178356713426776e+00 4.013093223379463059e-02 4.899210540820467252e-02 6.061328330365372587e-03
2.597194388777555041e+00 3.745036226315365258e-02 4.579114549003219375e-02 4.857820887596447403e-03
2.605210420841683305e+00 3.485353839589861585e-02 4.267895723114795148e-02 3.817381015826050439e-03
2.613226452905811570e+00 3.234174420278483619e-02 3.965809151498236873e-02 2.929212369809453941e-03
2.621242484969939834e+00 2.991626325456763630e-02 3.673109922496583385e-02 2.182518604301905436e-03
2.629258517034068099e+00 2.758941084688059861e-02 3.391290874260410176e-02 1.580346212763563329e-03
2.637274549098196363e+00 2.537078860489112159e-02 3.121615155217079621e-02 1.113983292843470857e-03
2.645290581162324628e+00 2.324358847357679489e-02 2.862342080906496097e-02 7.461236614682121389e-04
2.653306613226452892e+00 2.120909402369294816e-02 2.613726739671699828e-02 4.659709733930534562e-04
2.661322645290581157e+00 1.926858882599488676e-02 2.376024219855729994e-02 2.627288833732481900e-04
2.669338677354708977e+00 1.743403432621896954e-02 2.150760240211653865e-02 1.308923242790635555e-04
2.677354709418837242e+00 1.571823073910964472e-02 1.939627210884977207e-02 5.790119149407393451e-05
2.685370741482965506e+00 1.410152526996468619e-02 1.740422305094969230e-02 1.884906480022422644e-05
2.693386773547093771e+00 1.258520148953941493e-02 1.553400611184670328e-02 2.939598952775957773e-06
2.701402805611222036e+00 1.117026896460567194e-02 1.378798853270811649e-02 0.000000000000000000e+00
2.709418837675350300e+00 9.867114223979461460e-03 1.218067010690953092e-02 0.000000000000000000e+00
2.717434869739478565e+00 8.684721154256065667e-03 1.072910167191016249e-02 0.000000000000000000e+00
2.725450901803606829e+00 7.595644699855070084e-03 9.403049801738429248e-03 0.000000000000000000e+00
2.733466933867735094e+00 6.596424248275084556e-03 8.201885745212503590e-03 0.000000000000000000e+00
2.741482965931863358e+00 5.683599187014700717e-03 7.124980751150544050e-03 0.000000000000000000e+00
2.749498997995991623e+00 4.860133307968693937e-03 6.181890087808295138e-03 0.000000000000000000e+00
2.757515030060119887e+00 4.133033494865132745e-03 5.391559716029515822e-03 0.000000000000000000e+00
2.765531062124248152e+00 3.478555149055800617e-03 4.722985852505814930e-03 0.000000000000000000e+00
2.773547094188376416e+00 2.893237658039301760e-03 4.175539746055364002e-03 0.000000000000000000e+00
2.781563126252504681e+00 2.373620409314232144e-03 3.748592645496320701e-03 0.000000000000000000e+00
2.789579158316632945e+00 1.920200223487236041e-03 3.449808915086925894e-03 0.000000000000000000e+00
2.797595190380761210e+00 1.538202282800516527e-03 3.300696172857633687e-03 0.000000000000000000e+00
2.805611222444889474e+00 1.208130661379852111e-03 3.269579882310862280e-03 0.000000000000000000e+00
2.813627254509017739e+00 9.265247467238459187e-04 3.355831292264783647e-03 0.000000000000000000e+00
2.821643286573146003e+00 6.899239263310972788e-04 3.558821651537561522e-03 0.000000000000000000e+00
2.829659318637274268e+00 4.969062653619220815e-04 3.884424024537532633e-03 0.000000000000000000e+00
2.837675350701402532e+00 3.498188128890487750e-04 4.356508478186623366e-03 0.000000000000000000e+00
2.845691382765530797e+00 2.339625316540591769e-04 4.942829326945686816e-03 0.000000000000000000e+00
2.853707414829659061e+00 1.458768091555510179e-04 5.642757819632877175e-03 0.000000000000000000e+00
2.861723446893787326e+00 8.210103289212618922e-05 6.455665205066371190e-03 0.000000000000000000e+00
2.869739478957915590e+00 3.984272841958498085e-05 7.385732851952227403e-03 0.000000000000000000e+00
2.877755511022043855e+00 1.747437995756471852e-05 8.458994067808605147e-03 0.000000000000000000e+00
2.885771543086172120e+00 5.642054705253028291e-06 9.642731622202397115e-03 0.000000000000000000e+00
2.893787575150300384e+00 8.851401612491573870e-07 1.093631676395176097e-02 0.000000000000000000e+00
2.901803607214428649e+00 0.000000000000000000e+00 1.233835592081912111e-02 3.602746130202830385e-07
2.909819639278556913e+00 0.000000000000000000e+00 1.384956880737518367e-02 1.961495115332760648e-06
2.917835671342685178e+00 0.000000000000000000e+00 1.548065081155579510e-02 1.295387386370715766e-05
2.925851703406813442e+00 0.000000000000000000e+00 1.718821317196414511e-02 3.818910898015063799e-05
2.933867735470941707e+00 0.000000000000000000e+00 1.896132754720102759e-02 8.251889858666870887e-05
2.941883767535069971e+00 0.000000000000000000e+00 2.078906559586724684e-02 1.507949408052695385e-04
2.949899799599198236e+00 0.000000000000000000e+00 2.266094981573024691e-02 2.484693914463268188e-04
2.957915831663326500e+00 0.000000000000000000e+00 2.456845032975729301e-02 3.935799994683872511e-04
2.965931863727454765e+00 0.000000000000000000e+00 2.648707755441686781e-02 5.819475793604185574e-04
2.973947895791583029e+00 0.000000000000000000e+00 2.840590314830975308e-02 8.184238292444241929e-04
2.981963927855711294e+00 0.000000000000000000e+00 3.031399877003675483e-02 1.107860447242414335e-03
2.989979959919839558e+00 0.000000000000000000e+00 3.220030984323202922e-02 1.455325296244207919e-03
2.997995991983967823e+00 0.000000000000000000e+00 3.403625316473098822e-02 1.889039887603055200e-03
3.006012024048096087e+00 0.000000000000000000e+00 3.581796955126724524e-02 2.395025566333775294e-03
3.014028056112224352e+00 0.000000000000000000e+00 3.753453066144160633e-02 2.978134030558369106e-03
3.022044088176352616e+00 0.000000000000000000e+00 3.917500815385486362e-02 3.643216978398850555e-03
3.030060120240480881e+00 0.000000000000000000e+00 4.072847368710783011e-02 4.395126107977218380e-03
3.038076152304609145e+00 0.000000000000000000e+00 4.214591202700407324e-02 5.270993722742105606e-03
3.046092184368737410e+00 0.000000000000000000e+00 4.344274187304248552e-02 6.249083254374615017e-03
3.054108216432865675e+00 0.000000000000000000e+00 4.460906279712378159e-02 7.333309687002899542e-03
3.062124248496993939e+00 0.000000000000000000e+00 4.563394645784875359e-02 8.528524718748970931e-03
3.070140280561122204e+00 0.000000000000000000e+00 4.650646451381823532e-02 9.839580047734828791e-03
3.078156312625250024e+00 0.000000000000000000e+00 4.715927962710375621e-02 1.131110168935985268e-02
3.086172344689378289e+00 0.000000000000000000e+00 4.762324723026980372e-02 1.291578082795724093e-02
3.094188376753506553e+00 0.000000000000000000e+00 4.789135226588350780e-02 1.465561098305231090e-02
3.102204408817634818e+00 0.000000000000000000e+00 4.795465008487888314e-02 1.653454666079554394e-02
3.110220440881763082e+00 0.000000000000000000e+00 4.780664860325637561e-02 1.855543311180900615e-02
3.118236472945891347e+00 0.000000000000000000e+00 4.739908999661954919e-02 2.075348833469581322e-02
3.126252505010019611e+00 0.000000000000000000e+00 4.680023131479672804e-02 2.308586806830642546e-02
3.134268537074147876e+00 0.000000000000000000e+00 4.602834056081989145e-02 2.554252867263725330e-02
3.142284569138276140e+00 0.000000000000000000e+00 4.509434607608826806e-02 2.811843642154227690e-02
3.150300601202404405e+00 0.000000000000000000e+00 4.400917620200101715e-02 3.080855758887547646e-02
3.158316633266532669e+00 0.000000000000000000e+00 4.275043324875982265e-02 3.363564980922049974e-02
3.166332665330660934e+00 0.000000000000000000e+00 4.136632094006113119e-02 3.656729048183406799e-02
3.174348697394789198e+00 0.000000000000000000e+00 3.987453020480366539e-02 3.959310934603724880e-02
3.182364729458917463e+00 0.000000000000000000e+00 3.828598938438660532e-02 4.270807267568404314e-02
3.190380761523045727e+00 0.000000000000000000e+00 3.661162682020916576e-02 4.590714674462844508e-02
3.198396793587173992e+00 0.000000000000000000e+00 3.484794400033825595e-02 4.920379156968682222e-02
3.206412825651302256e+00 0.000000000000000000e+00 3.302655376713823504e-02 5.257441136659475600e-02
3.214428857715430521e+00 0.000000000000000000e+00 3.116283875297464964e-02 5.600910667596173398e-02
3.222444889779558785e+00 0.000000000000000000e+00 2.926772729924669372e-02 5.950284377164172939e-02
3.230460921843687050e+00 0.000000000000000000e+00 2.735214774735356472e-02 6.305058892748872934e-02
3.238476953907815314e+00 0.000000000000000000e+00 2.542976954082760976e-02 6.665730196451562228e-02
3.246492985971943579e+00 0.000000000000000000e+00 2.351907708550079676e-02 7.030661907100936581e-02
3.254509018036071843e+00 0.000000000000000000e+00 2.163141349480562567e-02 7.398990901083156435e-02
3.262525050100200108e+00 0.000000000000000000e+00 1.977770711014130087e-02 7.770213805783619809e-02
3.270541082164328373e+00 0.000000000000000000e+00 1.796888627290703019e-02 8.143827248587723333e-02
3.278557114228456637e+00 0.000000000000000000e+00 1.623405715970067595e-02 8.519556934212778321e-02
3.286573146292584902e+00 0.000000000000000000e+00 1.458203818462159088e-02 8.896330194349878762e-02
3.294589178356713166e+00 0.000000000000000000e+00 1.301840171976937320e-02 9.273490469906763012e-02
3.302605210420841431e+00 0.000000000000000000e+00 1.155251319743221851e-02 9.650530637868019734e-02
3.310621242484969695e+00 0.000000000000000000e+00 1.019138166385406483e-02 1.002693792076779222e-01
3.318637274549097960e+00 0.000000000000000000e+00 8.956683466166662569e-03 1.040169677117715186e-01
3.326653306613226224e+00 0.000000000000000000e+00 7.829753862871364697e-03 1.077408768610735312e-01
3.334669338677354489e+00 0.000000000000000000e+00 6.796328302735891828e-03 1.114371081386694440e-01
3.342685370741482753e+00 0.000000000000000000e+00 5.852764005293845974e-03 1.151002781656608603e-01
3.350701402805611018e+00 0.000000000000000000e+00 4.995418190078816136e-03 1.187250035631494532e-01
3.358717434869739282e+00 0.000000000000000000e+00 4.236806152356564943e-03 1.222945137573472202e-01
3.366733466933867547e+00 0.000000000000000000e+00 3.563024012228104085e-03 1.258042411783746317e-01
3.374749498997995811e+00 0.000000000000000000e+00 2.960961366727724378e-03 1.292540970558681002e-01
3.382765531062124076e+00 0.000000000000000000e+00 2.426975435389031304e-03 1.326386980109292291e-01
3.390781563126252340e+00 0.000000000000000000e+00 1.957423437745619936e-03 1.359526606646596358e-01
3.398797595190380605e+00 0.000000000000000000e+00 1.559482733330303005e-03 1.391735300492112637e-01
3.406813627254508869e+00 0.000000000000000000e+00 1.222856155577164462e-03 1.422976604297150338e-01
3.414829659318637134e+00 0.000000000000000000e+00 9.361645239203692914e-04 1.453297255948569899e-01
3.422845691382765398e+00 0.000000000000000000e+00 6.957650578935206968e-04 1.482643421657387217e-01
3.430861723446893663e+00 0.000000000000000000e+00 4.980149770302155950e-04 1.510961267634618188e-01
3.438877755511021928e+00 0.000000000000000000e+00 3.453307792636139528e-04 1.537977928386170534e-01
3.446893787575150192e+00 0.000000000000000000e+00 2.298678630942874190e-04 1.563649108663481002e-01
3.454909819639278457e+00 0.000000000000000000e+00 1.425553444895661520e-04 1.588077700068894760e-01
3.462925851703406721e+00 0.000000000000000000e+00 7.975044298305209616e-05 1.611209868813427426e-01
3.470941883767534986e+00 0.000000000000000000e+00 3.781037810834355690e-05 1.632991781108095453e-01
3.478957915831663250e+00 0.000000000000000000e+00 1.496786033223791628e-05 1.653110783768180769e-01
3.486973947895791515e+00 0.000000000000000000e+00 4.676704955213403092e-06 1.671497687395273879e-01
3.494989979959919335e+00 0.000000000000000000e+00 7.513986110561550641e-07 1.688320065432190320e-01
3.503006012024047600e+00 0.000000000000000000e+00 0.000000000000000000e+00 1.703532686020492737e-01
3.511022044088175864e+00 0.000000000000000000e+00 0.000000000000000000e+00 1.717104997929872756e-01
3.519038076152304129e+00 0.000000000000000000e+00 0.000000000000000000e+00 1.728781286871162171e-01
3.527054108216432393e+00 0.000000000000000000e+00 0.000000000000000000e+00 1.738572560459871186e-01
3.535070140280560658e+00 0.000000000000000000e+00 0.000000000000000000e+00 1.746771557764766891e-01
3.543086172344688922e+00 0.000000000000000000e+00 0.000000000000000000e+00 1.753393948595669549e-01
3.551102204408817187e+00 0.000000000000000000e+00 0.000000000000000000e+00 1.758455402762399977e-01
3.559118236472945451e+00 0.000000000000000000e+00 0.000000000000000000e+00 1.761749616059312129e-01
3.567134268537073716e+00 0.000000000000000000e+00 0.000000000000000000e+00 1.763247857776539806e-01
3.575150300601201980e+00 0.000000000000000000e+00 0.000000000000000000e+00 1.763247531775613275e-01
3.583166332665330245e+00 0.000000000000000000e+00 0.000000000000000000e+00 1.761764307866352797e-01
3.591182364729458509e+00 0.000000000000000000e+00 0.000000000000000000e+00 1.758813855858579744e-01
3.599198396793586774e+00 0.000000000000000000e+00 0.000000000000000000e+00 1.754222462733149857e-01
3.607214428857715038e+00 0.000000000000000000e+00 0.000000000000000000e+00 1.747926624147041752e-01
3.615230460921843303e+00 0.000000000000000000e+00 0.000000000000000000e+00 1.740225926408438262e-01
3.623246492985971567e+00 0.000000000000000000e+00 0.000000000000000000e+00 1.731136039327160758e-01
3.631262525050099832e+00 0.000000000000000000e+00 0.000000000000000000e+00 1.720672632713028949e-01
3.639278557114228096e+00 0.000000000000000000e+00 0.000000000000000000e+00 1.708692102387291689e-01
3.647294589178356361e+00 0.000000000000000000e+00 0.000000000000000000e+00 1.695101135065992803e-01
3.655310621242484626e+00 0.000000000000000000e+00 0.000000000000000000e+00 1.680199017157858188e-01
3.663326653306612890e+00 0.000000000000000000e+00 0.000000000000000000e+00 1.664001418472708382e-01
3.671342685370741155e+00 0.000000000000000000e+00 0.000000000000000000e+00 1.646524008820363649e-01
3.679358717434869419e+00 0.000000000000000000e+00 0.000000000000000000e+00 1.627650810516354796e-01
3.687374749498997684e+00 0.000000000000000000e+00 0.000000000000000000e+00 1.607263666028010407e-01
3.695390781563125948e+00 0.000000000000000000e+00 0.000000000000000000e+00 1.585659079518489945e-01
3.703406813627254213e+00 0.000000000000000000e+00 0.000000000000000000e+00 1.562852720797613115e-01
3.711422845691382477e+00 0.000000000000000000e+00 0.000000000000000000e+00 1.538860259675200459e-01
3.719438877755510742e+00 0.000000000000000000e+00 0.000000000000000000e+00 1.513590862614954680e-01
3.727454909819639006e+00 0.000000000000000000e+00 0.000000000000000000e+00 1.486906492527710899e-01
3.735470941883767271e+00 0.000000000000000000e+00 0.000000000000000000e+00 1.459098388984949590e-01
3.743486973947895535e+00 0.000000000000000000e+00 0.000000000000000000e+00 1.430182221796491293e-01
3.751503006012023800e+00 0.000000000000000000e+00 0.000000000000000000e+00 1.400173660772156270e-01
3.759519038076152064e+00 0.000000000000000000e+00 0.000000000000000000e+00 1.369004534177708787e-01
3.767535070140280329e+00 0.000000000000000000e+00 0.000000000000000000e+00 1.336521890059710893e-01
3.775551102204408593e+00 0.000000000000000000e+00 0.000000000000000000e+00 1.303009221051854016e-01
3.783567134268536858e+00 0.000000000000000000e+00 0.000000000000000000e+00 1.268482196963959530e-01
3.791583166332665122e+00 0.000000000000000000e+00 0.000000000000000000e+00 1.232956487605847695e-01
3.799599198396793387e+00 0.000000000000000000e+00 0.000000000000000000e+00 1.196384100699233871e-01
3.807615230460921651e+00 0.000000000000000000e+00 0.000000000000000000e+00 1.158602134118626725e-01
3.815631262525049916e+00 0.000000000000000000e+00 0.000000000000000000e+00 1.119883851213820253e-01
3.823647294589178181e+00 0.000000000000000000e+00 0.000000000000000000e+00 1.080244921794634855e-01
3.831663326653306445e+00 0.000000000000000000e+00 0.000000000000000000e+00 1.039701015670891349e-01
3.839679358717434710e+00 0.000000000000000000e+00 0.000000000000000000e+00 9.982218376741462673e-02
3.847695390781562974e+00 0.000000000000000000e+00 0.000000000000000000e+00 9.556395001990751481e-02
3.855711422845691239e+00 0.000000000000000000e+00 0.000000000000000000e+00 9.122145549654640806e-02
3.863727454909819503e+00 0.000000000000000000e+00 0.000000000000000000e+00 8.679626717831331884e-02
3.871743486973947768e+00 0.000000000000000000e+00 0.000000000000000000e+00 8.228995204619034276e-02
3.879759519038076032e+00 0.000000000000000000e+00 0.000000000000000000e+00 7.770100205970624507e-02
3.887775551102204297e+00 0.000000000000000000e+00 0.000000000000000000e+00 7.301262637956729140e-02
3.895791583166332561e+00 0.000000000000000000e+00 0.000000000000000000e+00 6.824936078014025298e-02
3.903807615230460382e+00 0.000000000000000000e+00 0.000000000000000000e+00 6.341277224240743360e-02
3.911823647294588646e+00 0.000000000000000000e+00 0.000000000000000000e+00 5.850442774735035295e-02
3.919839679358716911e+00 0.000000000000000000e+00 0.000000000000000000e+00 5.352409249626017412e-02
3.927855711422845175e+00 0.000000000000000000e+00 0.000000000000000000e+00 4.845547004030392735e-02
3.935871743486973440e+00 0.000000000000000000e+00 0.000000000000000000e+00 4.332132852162550590e-02
3.943887775551101704e+00 0.000000000000000000e+00 0.000000000000000000e+00 3.812323492120694296e-02
3.951903807615229969e+00 0.000000000000000000e+00 0.000000000000000000e+00 3.286275622003029251e-02
3.959919839679358233e+00 0.000000000000000000e+00 0.000000000000000000e+00 2.754068262653756177e-02
3.967935871743486498e+00 0.000000000000000000e+00 0.000000000000000000e+00 2.214170855157854279e-02
3.975951903807614762e+00 0.000000000000000000e+00 0.000000000000000000e+00 1.668658627046326268e-02
3.983967935871743027e+00 0.000000000000000000e+00 0.000000000000000000e+00 1.117688276417376329e-02
3.991983967935871291e+00 0.000000000000000000e+00 0.000000000000000000e+00 5.614165013692101226e-03
4.000000000000000000e+00 0.000000000000000000e+00 0.000000000000000000e+00 0.000000000000000000e+00
